0 0.27875 0.82 0.26625 0.843333333984375 0.26375 0.895 0.27625 0.905 0.29625 0.903333333984375 0.3025 0.871666666015625 0.28875 0.815 0.27875 0.82
0 0.31125 0.81 0.2925 0.808333333984375 0.28375 0.825 0.3 0.863333333984375 0.31 0.871666666015625 0.35125 0.835 0.35375 0.818333333984375 0.32625 0.82 0.31125 0.81
0 0.1775 0.921666666015625 0.1725 0.941666666015625 0.1575 0.958333333984375 0.16 0.976666666015625 0.1675 0.99 0.185 0.99 0.19875 0.938333333984375 0.195 0.923333333984375 0.1775 0.921666666015625
0 0.11125 0.853333333984375 0.10875 0.891666666015625 0.1175 0.895 0.1475 0.84 0.1475 0.83 0.13375 0.828333333984375 0.11125 0.853333333984375
0 0.255 0.61 0.23875 0.62 0.2025 0.613333333984375 0.2125 0.651666666015625 0.285 0.686666666015625 0.29375 0.683333333984375 0.28375 0.665 0.26125 0.651666666015625 0.255 0.61
0 0.17875 0.638333333984375 0.16375 0.685 0.16875 0.696666666015625 0.18375 0.705 0.195 0.695 0.20375 0.661666666015625 0.1975 0.628333333984375 0.17875 0.638333333984375
0 0.54375 0.683333333984375 0.54 0.673333333984375 0.52875 0.675 0.505 0.701666666015625 0.5025 0.713333333984375 0.53625 0.76 0.5425 0.748333333984375 0.5375 0.726666666015625 0.56375 0.693333333984375 0.54375 0.683333333984375
0 0.4525 0.616666666015625 0.46125 0.678333333984375 0.4775 0.68 0.48375 0.671666666015625 0.47 0.603333333984375 0.46 0.605 0.4525 0.616666666015625
0 0.54 0.593333333984375 0.5325 0.593333333984375 0.52875 0.603333333984375 0.5325 0.633333333984375 0.55 0.66 0.57125 0.65 0.57 0.631666666015625 0.55125 0.62 0.54 0.593333333984375
0 0.39 0.525 0.38875 0.541666666015625 0.42625 0.561666666015625 0.44125 0.551666666015625 0.43875 0.536666666015625 0.4075 0.526666666015625 0.39 0.525
3 0.43 0.815 0.4275 0.826666666015625 0.4525 0.848333333984375 0.46 0.83 0.45625 0.818333333984375 0.43875 0.813333333984375 0.43 0.815
3 0.40375 0.61 0.38625 0.633333333984375 0.38625 0.66 0.39125 0.666666666015625 0.41125 0.661666666015625 0.41625 0.653333333984375 0.4175 0.633333333984375 0.40375 0.623333333984375 0.40375 0.61
4 0.99875 0.001666666015625 0.78 0.001666666015625 0.78125 0.01 0.82875 0.126666666015625 0.9025 0.26 0.9575 0.323333333984375 0.99875 0.351666666015625 0.99875 0.001666666015625