1 0.821875 0 0.79625 0.006666666015625 0.78875 0.033333333984375 0.79125 0.058333333984375 0.7975 0.073333333984375 0.8175 0.09 0.85125 0.081666666015625 0.85125 0.068333333984375 0.845 0.051666666015625 0.85125 0.041666666015625 0.8525 0.021666666015625 0.82875 0 0.821875 0
2 0.89 0.685 0.90375 0.686666666015625 0.90375 0.665 0.91 0.635 0.9325 0.615 0.93125 0.588333333984375 0.92 0.576666666015625 0.90875 0.576666666015625 0.9 0.581666666015625 0.8975 0.6 0.88625 0.596666666015625 0.865 0.608333333984375 0.85 0.641666666015625 0.83625 0.656666666015625 0.8175 0.66 0.81375 0.67 0.81625 0.681666666015625 0.8275 0.688333333984375 0.84125 0.686666666015625 0.845 0.695 0.8575 0.7 0.89 0.685
0 0.74125 0.451666666015625 0.73 0.45 0.7175 0.468333333984375 0.70875 0.473333333984375 0.7075 0.49 0.71625 0.493333333984375 0.76625 0.466666666015625 0.77 0.461666666015625 0.76875 0.446666666015625 0.755 0.438333333984375 0.75375 0.438333333984375 0.74625 0.441666666015625 0.74125 0.451666666015625
0 0.58125 0.326666666015625 0.56 0.345 0.55 0.343333333984375 0.52125 0.363333333984375 0.5025 0.37 0.49625 0.406666666015625 0.50875 0.41 0.5225 0.405 0.5425 0.413333333984375 0.55125 0.408333333984375 0.54875 0.373333333984375 0.57875 0.348333333984375 0.58625 0.331666666015625 0.58375 0.326666666015625 0.58125 0.326666666015625
0 0.64 0.375 0.595 0.34 0.59 0.34 0.58375 0.353333333984375 0.6175 0.388333333984375 0.63 0.421666666015625 0.64 0.42 0.6475 0.395 0.64 0.375
0 0.7125 0.215 0.70375 0.215 0.69375 0.231666666015625 0.6675 0.235 0.6475 0.268333333984375 0.65 0.283333333984375 0.6575 0.285 0.665 0.268333333984375 0.685 0.268333333984375 0.7025 0.25 0.72375 0.265 0.755 0.261666666015625 0.75625 0.245 0.74875 0.235 0.72375 0.225 0.7125 0.215
0 0.57125 0.14 0.55375 0.151666666015625 0.54625 0.186666666015625 0.5675 0.21 0.585 0.213333333984375 0.5875 0.16 0.57875 0.14 0.57125 0.14
0 0.37625 0.128333333984375 0.37375 0.14 0.37875 0.171666666015625 0.4025 0.191666666015625 0.415 0.191666666015625 0.41625 0.176666666015625 0.3825 0.128333333984375 0.37625 0.128333333984375
0 0.37625 0.205 0.37 0.2 0.365 0.2 0.36125 0.203333333984375 0.3575 0.238333333984375 0.36875 0.261666666015625 0.375 0.268333333984375 0.40375 0.268333333984375 0.41875 0.275 0.415 0.265 0.40375 0.258333333984375 0.4125 0.236666666015625 0.41125 0.22 0.405 0.211666666015625 0.39875 0.211666666015625 0.3825 0.231666666015625 0.37625 0.205
0 0.465 0.36 0.46625 0.396666666015625 0.485 0.405 0.49 0.366666666015625 0.4775 0.333333333984375 0.46625 0.323333333984375 0.46375 0.323333333984375 0.46125 0.326666666015625 0.47 0.338333333984375 0.47 0.351666666015625 0.465 0.36
0 0.4375 0.34375 0.455078125 0.349609375 0.455078125 0.353515625 0.4609375 0.359375 0.4609375 0.36328125 0.453125 0.37109375 0.453125 0.3984375 0.455078125 0.400390625 0.466796875 0.3984375 0.47265625 0.404296875 0.47265625 0.412109375 0.46875 0.416015625 0.46875 0.423828125 0.458984375 0.4296875 0.4453125 0.44921875 0.4453125 0.453125 0.435546875 0.455078125 0.4296875 0.44921875 0.427734375 0.443359375 0.4296875 0.42578125 0.43359375 0.419921875 0.43359375 0.39453125 0.4296875 0.38671875 0.4296875 0.36328125 0.427734375 0.361328125 0.4296875 0.359375 0.4296875 0.3515625 0.435546875 0.345703125
0 0.51171875 0.28515625 0.513671875 0.287109375 0.53125 0.287109375 0.53515625 0.291015625 0.53515625 0.294921875 0.5390625 0.30078125 0.5390625 0.306640625 0.54296875 0.310546875 0.54296875 0.314453125 0.546875 0.318359375 0.552734375 0.33203125 0.552734375 0.341796875 0.544921875 0.33984375 0.541015625 0.33203125 0.529296875 0.3203125 0.51953125 0.31640625 0.515625 0.310546875 0.505859375 0.302734375 0.501953125 0.302734375 0.49609375 0.296875 0.49609375 0.287109375 0.501953125 0.283203125 0.509765625 0.28515625
3 0.478515625 0.44140625 0.484375 0.44140625 0.494140625 0.451171875 0.494140625 0.478515625 0.498046875 0.48828125 0.49609375 0.5 0.490234375 0.5078125 0.478515625 0.509765625 0.474609375 0.505859375 0.470703125 0.490234375 0.4765625 0.46875 0.4765625 0.44921875 0.478515625 0.443359375
0 0.427734375 0.609375 0.44140625 0.619140625 0.447265625 0.630859375 0.4453125 0.646484375 0.4375 0.65625 0.435546875 0.654296875 0.4296875 0.65625 0.4140625 0.650390625 0.3984375 0.65234375 0.392578125 0.650390625 0.388671875 0.642578125 0.388671875 0.63671875 0.392578125 0.630859375 0.392578125 0.626953125 0.40234375 0.6171875 0.4140625 0.6171875 0.419921875 0.609375 0.42578125 0.609375
0 0.5546875 0.607421875 0.5625 0.607421875 0.568359375 0.61328125 0.57421875 0.615234375 0.568359375 0.625 0.572265625 0.63671875 0.578125 0.642578125 0.587890625 0.646484375 0.59765625 0.642578125 0.60546875 0.646484375 0.60546875 0.666015625 0.595703125 0.66796875 0.591796875 0.671875 0.587890625 0.681640625 0.583984375 0.68359375 0.580078125 0.681640625 0.568359375 0.681640625 0.5625 0.669921875 0.548828125 0.6640625 0.541015625 0.65234375 0.541015625 0.638671875 0.548828125 0.626953125 0.548828125 0.62109375 0.5546875 0.609375
0 0.666015625 0.728515625 0.66796875 0.73046875 0.677734375 0.73046875 0.685546875 0.734375 0.6875 0.740234375 0.69140625 0.7421875 0.693359375 0.75390625 0.6875 0.767578125 0.6875 0.77734375 0.68359375 0.77734375 0.677734375 0.7734375 0.66796875 0.7734375 0.6640625 0.77734375 0.66015625 0.791015625 0.66015625 0.802734375 0.65625 0.8046875 0.6484375 0.80078125 0.638671875 0.80078125 0.62890625 0.794921875 0.625 0.794921875 0.62109375 0.791015625 0.62109375 0.76953125 0.61328125 0.76171875 0.611328125 0.751953125 0.615234375 0.7421875 0.62890625 0.73828125 0.634765625 0.732421875 0.646484375 0.732421875 0.6484375 0.73046875 0.6640625 0.728515625
0 0.37890625 0.02734375 0.38671875 0.03125 0.390625 0.041015625 0.390625 0.044921875 0.38671875 0.05078125 0.38671875 0.06640625 0.3828125 0.07421875 0.3828125 0.1171875 0.37890625 0.12109375 0.37109375 0.119140625 0.36328125 0.111328125 0.357421875 0.09765625 0.359375 0.0859375 0.35546875 0.076171875 0.357421875 0.0546875 0.37109375 0.03515625 0.37109375 0.029296875 0.376953125 0.02734375
0 0.76171875 0.13671875 0.7734375 0.140625 0.79296875 0.138671875 0.802734375 0.14453125 0.806640625 0.150390625 0.806640625 0.1640625 0.81640625 0.1796875 0.81640625 0.220703125 0.806640625 0.2265625 0.80078125 0.220703125 0.798828125 0.208984375 0.794921875 0.205078125 0.794921875 0.19921875 0.791015625 0.19140625 0.791015625 0.177734375 0.78515625 0.171875 0.78125 0.162109375 0.7734375 0.158203125 0.76171875 0.138671875
0 0.83984375 0.283203125 0.84375 0.2890625 0.84375 0.294921875 0.8359375 0.3125 0.830078125 0.3203125 0.830078125 0.361328125 0.833984375 0.37109375 0.830078125 0.376953125 0.818359375 0.375 0.80859375 0.365234375 0.80078125 0.353515625 0.80078125 0.34375 0.806640625 0.330078125 0.8046875 0.310546875 0.814453125 0.29296875 0.822265625 0.287109375 0.828125 0.287109375 0.837890625 0.283203125
3 0.671875 0.1171875 0.6875 0.123046875 0.693359375 0.123046875 0.701171875 0.1171875 0.716796875 0.111328125 0.72265625 0.115234375 0.72265625 0.1328125 0.716796875 0.14453125 0.705078125 0.1484375 0.697265625 0.158203125 0.689453125 0.158203125 0.68359375 0.146484375 0.6796875 0.14453125 0.6796875 0.140625 0.669921875 0.134765625 0.6640625 0.123046875 0.669921875 0.1171875
0 0.7578125 0.1640625 0.76171875 0.166015625 0.767578125 0.177734375 0.767578125 0.18359375 0.771484375 0.1875 0.771484375 0.1953125 0.765625 0.205078125 0.767578125 0.20703125 0.765625 0.21875 0.76171875 0.224609375 0.76171875 0.228515625 0.7578125 0.232421875 0.7578125 0.23828125 0.75 0.23828125 0.736328125 0.228515625 0.736328125 0.212890625 0.740234375 0.205078125 0.73828125 0.19921875 0.734375 0.1953125 0.720703125 0.193359375 0.7109375 0.18359375 0.7109375 0.173828125 0.71484375 0.166015625 0.7265625 0.158203125 0.732421875 0.158203125 0.736328125 0.162109375 0.744140625 0.162109375 0.74609375 0.1640625 0.748046875 0.162109375 0.75390625 0.162109375 0.755859375 0.1640625
0 0.947265625 0.1328125 0.955078125 0.13671875 0.958984375 0.150390625 0.966796875 0.16015625 0.984375 0.1640625 0.998046875 0.1796875 0.998046875 0.189453125 0.994140625 0.193359375 0.978515625 0.193359375 0.97265625 0.197265625 0.978515625 0.20703125 0.982421875 0.20703125 0.9921875 0.21484375 0.994140625 0.228515625 0.990234375 0.232421875 0.986328125 0.23046875 0.982421875 0.232421875 0.98046875 0.23828125 0.974609375 0.244140625 0.962890625 0.244140625 0.955078125 0.236328125 0.955078125 0.220703125 0.951171875 0.21484375 0.951171875 0.208984375 0.947265625 0.205078125 0.943359375 0.203125 0.9375 0.205078125 0.9375 0.21484375 0.939453125 0.216796875 0.9375 0.228515625 0.931640625 0.23046875 0.9296875 0.228515625 0.931640625 0.20703125 0.927734375 0.203125 0.916015625 0.201171875 0.912109375 0.197265625 0.91015625 0.19140625 0.912109375 0.1796875 0.927734375 0.16015625 0.9296875 0.150390625 0.935546875 0.140625 0.93359375 0.138671875 0.9453125 0.134765625
0 0.9296875 0.013671875 0.939453125 0.0078125 0.9453125 0.0078125 0.951171875 0.001953125 0.990234375 0.001953125 0.984375 0.013671875 0.984375 0.029296875 0.986328125 0.03125 0.984375 0.046875 0.966796875 0.05859375 0.958984375 0.068359375 0.958984375 0.072265625 0.94921875 0.078125 0.943359375 0.078125 0.9375 0.08203125 0.93359375 0.08203125 0.931640625 0.087890625 0.927734375 0.08984375 0.919921875 0.087890625 0.912109375 0.091796875 0.90625 0.1015625 0.90234375 0.1015625 0.8984375 0.09375 0.8984375 0.076171875 0.90234375 0.0703125 0.912109375 0.064453125 0.916015625 0.05859375 0.916015625 0.052734375 0.92578125 0.044921875 0.92578125 0.021484375 0.9296875 0.015625
3 0.701171875 0.322265625 0.708984375 0.322265625 0.71875 0.326171875 0.724609375 0.32421875 0.73046875 0.328125 0.73046875 0.33203125 0.734375 0.337890625 0.734375 0.35546875 0.724609375 0.353515625 0.71875 0.357421875 0.720703125 0.3828125 0.716796875 0.38671875 0.71484375 0.380859375 0.701171875 0.369140625 0.697265625 0.361328125 0.697265625 0.330078125 0.701171875 0.32421875
3 0.4453125 0.279296875 0.45703125 0.287109375 0.462890625 0.287109375 0.466796875 0.291015625 0.466796875 0.30078125 0.4609375 0.314453125 0.455078125 0.314453125 0.44140625 0.306640625 0.4375 0.296875 0.435546875 0.28125 0.439453125 0.27734375 0.443359375 0.279296875
3 0.572265625 0.001953125 0.59375 0.001953125 0.59765625 0.013671875 0.59765625 0.0234375 0.591796875 0.029296875 0.58203125 0.02734375 0.576171875 0.017578125 0.576171875 0.009765625 0.572265625 0.00390625
3 0.0859375 0.060546875 0.09375 0.060546875 0.09765625 0.064453125 0.09765625 0.08203125 0.09375 0.09375 0.091796875 0.09765625 0.0859375 0.09765625 0.08203125 0.09375 0.08203125 0.083984375 0.080078125 0.08203125 0.080078125 0.072265625 0.0859375 0.0625
3 0.0791015625 0.0322265625 0.013671875 0.025390625
3 0.0859375 0.529296875 0.091796875 0.52734375 0.09765625 0.533203125 0.1015625 0.5390625 0.1015625 0.548828125 0.107421875 0.56640625 0.123046875 0.58203125 0.12109375 0.59765625 0.111328125 0.611328125 0.099609375 0.611328125 0.08984375 0.60546875 0.08984375 0.599609375 0.083984375 0.5859375 0.083984375 0.568359375 0.0859375 0.56640625 0.083984375 0.537109375 0.0859375 0.53125