0 0.69875 0.431666666015625 0.7 0.408333333984375 0.68125 0.403333333984375 0.66375 0.433333333984375 0.66375 0.461666666015625 0.67125 0.466666666015625 0.68625 0.436666666015625 0.69875 0.431666666015625
0 0.64625 0.365 0.65375 0.38 0.67125 0.391666666015625 0.675 0.373333333984375 0.69375 0.371666666015625 0.69375 0.366666666015625 0.67 0.355 0.67125 0.313333333984375 0.66125 0.315 0.65625 0.348333333984375 0.63875 0.351666666015625 0.635 0.361666666015625 0.64625 0.365
0 0.60875 0.46 0.62 0.401666666015625 0.61625 0.391666666015625 0.59875 0.391666666015625 0.59875 0.426666666015625 0.59125 0.448333333984375 0.6 0.46 0.60875 0.46
0 0.4225 0.498333333984375 0.435 0.485 0.44 0.46 0.43875 0.451666666015625 0.42875 0.445 0.40875 0.463333333984375 0.37375 0.473333333984375 0.37125 0.48 0.38875 0.48 0.40625 0.498333333984375 0.4225 0.498333333984375
0 0.47375 0.261666666015625 0.50875 0.211666666015625 0.51875 0.185 0.515 0.176666666015625 0.505 0.175 0.485 0.2 0.46875 0.193333333984375 0.46875 0.205 0.4775 0.218333333984375 0.46875 0.253333333984375 0.47375 0.261666666015625
0 0.31625 0.258333333984375 0.29375 0.218333333984375 0.28375 0.218333333984375 0.28625 0.253333333984375 0.30375 0.271666666015625 0.315 0.273333333984375 0.31625 0.258333333984375
0 0.63875 0.298333333984375 0.63875 0.29 0.6225 0.266666666015625 0.6 0.265 0.59 0.273333333984375 0.59125 0.285 0.6025 0.285 0.62125 0.298333333984375 0.63875 0.298333333984375
3 0.58875 0.14 0.57625 0.133333333984375 0.5625 0.148333333984375 0.56125 0.163333333984375 0.57 0.17 0.58375 0.156666666015625 0.58875 0.14
3 0.4325 0.333333333984375 0.4175 0.31 0.40125 0.315 0.4 0.325 0.40375 0.328333333984375 0.425 0.34 0.4325 0.333333333984375
3 0.025 0.57 0.01 0.553333333984375 0.00125 0.518333333984375 0 0.591666666015625 0.00375 0.591666666015625 0.0175 0.586666666015625 0.025 0.57
3 0.03875 0.116666666015625 0.03 0.11 0.02125 0.118333333984375 0.02125 0.136666666015625 0.02375 0.143333333984375 0.03 0.143333333984375 0.03875 0.116666666015625
3 0.02375 0.078333333984375 0.02 0.085 0.02125 0.096666666015625 0.03125 0.086666666015625 0.03125 0.08 0.02375 0.078333333984375