3 0.97875 0.871666666015625 0.9675 0.901666666015625 0.975 0.906666666015625 0.9825 0.901666666015625 0.985 0.88 0.97875 0.871666666015625
3 0.98 0.923333333984375 0.97375 0.935 0.9775 0.943333333984375 0.985 0.936666666015625 0.98875 0.921666666015625 0.98 0.923333333984375
3 0.99875 0.438333333984375 1 0.406666666015625 0.98875 0.418333333984375 0.99 0.433333333984375 0.99875 0.438333333984375
3 0.41625 0.851666666015625 0.4175 0.838333333984375 0.40875 0.831666666015625 0.3875 0.85 0.38625 0.861666666015625 0.395 0.868333333984375 0.41625 0.851666666015625
0 0.51625 0.798333333984375 0.505 0.781666666015625 0.51625 0.751666666015625 0.51625 0.741666666015625 0.51125 0.738333333984375 0.47125 0.791666666015625 0.46375 0.821666666015625 0.47 0.828333333984375 0.47875 0.826666666015625 0.49875 0.801666666015625 0.51625 0.811666666015625 0.51625 0.798333333984375
0 0.6775 0.743333333984375 0.70125 0.786666666015625 0.71 0.79 0.7125 0.76 0.70875 0.748333333984375 0.68875 0.728333333984375 0.6775 0.73 0.6775 0.743333333984375
0 0.6275 0.513333333984375 0.6275 0.508333333984375 0.60625 0.506666666015625 0.59 0.488333333984375 0.57125 0.486666666015625 0.5575 0.503333333984375 0.55125 0.523333333984375 0.5525 0.536666666015625 0.5625 0.543333333984375 0.585 0.523333333984375 0.6275 0.513333333984375
0 0.36 0.591666666015625 0.37875 0.596666666015625 0.38375 0.581666666015625 0.3825 0.555 0.39 0.535 0.37375 0.521666666015625 0.36 0.575 0.36 0.591666666015625
0 0.305 0.515 0.29375 0.54 0.2775 0.548333333984375 0.27125 0.565 0.275 0.576666666015625 0.29375 0.583333333984375 0.31125 0.556666666015625 0.31625 0.543333333984375 0.31375 0.516666666015625 0.305 0.515
0 0.30375 0.678333333984375 0.3175 0.668333333984375 0.32 0.645 0.325 0.636666666015625 0.34125 0.633333333984375 0.3425 0.626666666015625 0.33125 0.623333333984375 0.3275 0.61 0.31125 0.593333333984375 0.3025 0.595 0.2975 0.615 0.27875 0.616666666015625 0.28375 0.625 0.2975 0.626666666015625 0.30625 0.636666666015625 0.30125 0.665 0.30375 0.678333333984375
0 0.28625 0.76 0.28625 0.74 0.28125 0.738333333984375 0.275 0.746666666015625 0.27875 0.78 0.285 0.793333333984375 0.3025 0.805 0.30625 0.798333333984375 0.29875 0.765 0.28625 0.76
3 0.56 0.671666666015625 0.5725 0.686666666015625 0.58875 0.683333333984375 0.59125 0.673333333984375 0.585 0.666666666015625 0.565 0.655 0.55875 0.658333333984375 0.56 0.671666666015625