1 0 0.178125 0.006666666015625 0.20375 0.033333333984375 0.21125 0.058333333984375 0.20875 0.073333333984375 0.2025 0.09 0.1825 0.081666666015625 0.14875 0.068333333984375 0.14875 0.051666666015625 0.155 0.041666666015625 0.14875 0.021666666015625 0.1475 0 0.17125 0 0.178125
2 0.685 0.11 0.686666666015625 0.09625 0.665 0.09625 0.635 0.09 0.615 0.0675 0.588333333984375 0.06875 0.576666666015625 0.08 0.576666666015625 0.09125 0.581666666015625 0.1 0.6 0.1025 0.596666666015625 0.11375 0.608333333984375 0.135 0.641666666015625 0.15 0.656666666015625 0.16375 0.66 0.1825 0.67 0.18625 0.681666666015625 0.18375 0.688333333984375 0.1725 0.686666666015625 0.15875 0.695 0.155 0.7 0.1425 0.685 0.11
0 0.451666666015625 0.25875 0.45 0.27 0.468333333984375 0.2825 0.473333333984375 0.29125 0.49 0.2925 0.493333333984375 0.28375 0.466666666015625 0.23375 0.461666666015625 0.23 0.446666666015625 0.23125 0.438333333984375 0.245 0.438333333984375 0.24625 0.441666666015625 0.25375 0.451666666015625 0.25875
0 0.326666666015625 0.41875 0.345 0.44 0.343333333984375 0.45 0.363333333984375 0.47875 0.37 0.4975 0.406666666015625 0.50375 0.41 0.49125 0.405 0.4775 0.413333333984375 0.4575 0.408333333984375 0.44875 0.373333333984375 0.45125 0.348333333984375 0.42125 0.331666666015625 0.41375 0.326666666015625 0.41625 0.326666666015625 0.41875
0 0.375 0.36 0.34 0.405 0.34 0.41 0.353333333984375 0.41625 0.388333333984375 0.3825 0.421666666015625 0.37 0.42 0.36 0.395 0.3525 0.375 0.36
0 0.215 0.2875 0.215 0.29625 0.231666666015625 0.30625 0.235 0.3325 0.268333333984375 0.3525 0.283333333984375 0.35 0.285 0.3425 0.268333333984375 0.335 0.268333333984375 0.315 0.25 0.2975 0.265 0.27625 0.261666666015625 0.245 0.245 0.24375 0.235 0.25125 0.225 0.27625 0.215 0.2875
0 0.14 0.42875 0.151666666015625 0.44625 0.186666666015625 0.45375 0.21 0.4325 0.213333333984375 0.415 0.16 0.4125 0.14 0.42125 0.14 0.42875
0 0.128333333984375 0.62375 0.14 0.62625 0.171666666015625 0.62125 0.191666666015625 0.5975 0.191666666015625 0.585 0.176666666015625 0.58375 0.128333333984375 0.6175 0.128333333984375 0.62375
0 0.205 0.62375 0.2 0.63 0.2 0.635 0.203333333984375 0.63875 0.238333333984375 0.6425 0.261666666015625 0.63125 0.268333333984375 0.625 0.268333333984375 0.59625 0.275 0.58125 0.265 0.585 0.258333333984375 0.59625 0.236666666015625 0.5875 0.22 0.58875 0.211666666015625 0.595 0.211666666015625 0.60125 0.231666666015625 0.6175 0.205 0.62375
0 0.36 0.535 0.396666666015625 0.53375 0.405 0.515 0.366666666015625 0.51 0.333333333984375 0.5225 0.323333333984375 0.53375 0.323333333984375 0.53625 0.326666666015625 0.53875 0.338333333984375 0.53 0.351666666015625 0.53 0.36 0.535
0 0.412109375 0.52734375 0.416015625 0.53125 0.423828125 0.53125 0.4296875 0.541015625 0.44921875 0.5546875 0.453125 0.5546875 0.455078125 0.564453125 0.44921875 0.5703125 0.443359375 0.572265625 0.42578125 0.5703125 0.419921875 0.56640625 0.39453125 0.56640625 0.38671875 0.5703125 0.36328125 0.5703125 0.361328125 0.572265625 0.359375 0.5703125 0.3515625 0.5703125 0.345703125 0.56640625 0.34375 0.5625 0.34765625 0.548828125 0.35546875 0.541015625 0.36328125 0.5390625 0.37109375 0.546875 0.3984375 0.546875 0.400390625 0.544921875 0.3984375 0.533203125 0.404296875 0.52734375 0.41015625 0.52734375
0 0.287109375 0.50390625 0.283203125 0.498046875 0.287109375 0.486328125 0.287109375 0.46875 0.291015625 0.46484375 0.294921875 0.46484375 0.30078125 0.4609375 0.306640625 0.4609375 0.310546875 0.45703125 0.314453125 0.45703125 0.318359375 0.453125 0.33203125 0.447265625 0.341796875 0.447265625 0.33984375 0.455078125 0.33203125 0.458984375 0.3203125 0.470703125 0.31640625 0.48046875 0.310546875 0.484375 0.302734375 0.494140625 0.302734375 0.498046875 0.296875 0.50390625 0.2890625 0.50390625
3 0.50390625 0.505859375 0.509765625 0.513671875 0.509765625 0.521484375 0.505859375 0.525390625 0.494140625 0.529296875 0.470703125 0.525390625 0.46875 0.5234375 0.44140625 0.521484375 0.44140625 0.515625 0.451171875 0.505859375 0.478515625 0.505859375 0.48828125 0.501953125 0.494140625 0.501953125 0.501953125 0.505859375
0 0.630859375 0.583984375 0.046875 0.05859375
0 0.642578125 0.40234375 0.646484375 0.39453125 0.666015625 0.39453125 0.66796875 0.404296875 0.671875 0.408203125 0.681640625 0.412109375 0.68359375 0.416015625 0.681640625 0.419921875 0.681640625 0.431640625 0.669921875 0.4375 0.6640625 0.451171875 0.65234375 0.458984375 0.638671875 0.458984375 0.626953125 0.451171875 0.62109375 0.451171875 0.611328125 0.4453125 0.607421875 0.4453125 0.607421875 0.4375 0.61328125 0.431640625 0.615234375 0.42578125 0.625 0.431640625 0.63671875 0.427734375 0.642578125 0.421875 0.646484375 0.412109375 0.64453125 0.404296875
0 0.7421875 0.30859375 0.75390625 0.306640625 0.767578125 0.3125 0.77734375 0.3125 0.77734375 0.31640625 0.7734375 0.322265625 0.7734375 0.33203125 0.783203125 0.337890625 0.802734375 0.33984375 0.8046875 0.34375 0.80078125 0.3515625 0.80078125 0.361328125 0.794921875 0.37109375 0.794921875 0.375 0.791015625 0.37890625 0.76953125 0.37890625 0.76171875 0.38671875 0.755859375 0.388671875 0.744140625 0.38671875 0.73828125 0.37109375 0.732421875 0.365234375 0.732421875 0.353515625 0.728515625 0.341796875 0.73046875 0.322265625 0.734375 0.314453125 0.7421875 0.310546875
0 0.048828125 0.611328125 0.05078125 0.61328125 0.06640625 0.61328125 0.07421875 0.6171875 0.1171875 0.6171875 0.12109375 0.62109375 0.119140625 0.62890625 0.111328125 0.63671875 0.09765625 0.642578125 0.0859375 0.640625 0.076171875 0.64453125 0.0546875 0.642578125 0.03515625 0.62890625 0.029296875 0.62890625 0.02734375 0.625 0.029296875 0.615234375 0.041015625 0.609375 0.046875 0.611328125
0 0.14453125 0.197265625 0.150390625 0.193359375 0.1640625 0.193359375 0.1796875 0.18359375 0.220703125 0.18359375 0.2265625 0.19140625 0.220703125 0.19921875 0.208984375 0.201171875 0.205078125 0.205078125 0.19921875 0.205078125 0.19140625 0.208984375 0.177734375 0.208984375 0.171875 0.21484375 0.162109375 0.21875 0.158203125 0.2265625 0.138671875 0.23828125 0.13671875 0.23828125 0.140625 0.2265625 0.138671875 0.20703125 0.14453125 0.19921875
0 0.3125 0.1640625 0.3203125 0.169921875 0.361328125 0.169921875 0.37109375 0.166015625 0.375 0.16796875 0.376953125 0.169921875 0.375 0.181640625 0.353515625 0.19921875 0.34375 0.19921875 0.330078125 0.193359375 0.310546875 0.1953125 0.29296875 0.185546875 0.287109375 0.177734375 0.283203125 0.16015625 0.2890625 0.15625 0.294921875 0.15625 0.310546875 0.1640625
3 0.13671875 0.279296875 0.14453125 0.283203125 0.1484375 0.294921875 0.158203125 0.302734375 0.158203125 0.310546875 0.146484375 0.31640625 0.14453125 0.3203125 0.140625 0.3203125 0.134765625 0.330078125 0.123046875 0.3359375 0.1171875 0.33203125 0.123046875 0.306640625 0.115234375 0.294921875 0.111328125 0.28125 0.115234375 0.27734375 0.1328125 0.27734375 0.134765625 0.279296875
0 0.1953125 0.228515625 0.205078125 0.234375 0.2109375 0.232421875 0.228515625 0.23828125 0.232421875 0.2421875 0.23828125 0.2421875 0.23828125 0.25 0.228515625 0.263671875 0.212890625 0.263671875 0.205078125 0.259765625 0.19921875 0.26171875 0.1953125 0.265625 0.193359375 0.279296875 0.18359375 0.2890625 0.173828125 0.2890625 0.166015625 0.28515625 0.158203125 0.2734375 0.158203125 0.267578125 0.162109375 0.263671875 0.162109375 0.255859375 0.1640625 0.25390625 0.162109375 0.251953125 0.162109375 0.24609375 0.166015625 0.23828125 0.177734375 0.232421875 0.18359375 0.232421875 0.1875 0.228515625 0.193359375 0.228515625
0 0.1328125 0.052734375 0.13671875 0.044921875 0.150390625 0.041015625 0.16015625 0.033203125 0.1640625 0.015625 0.1796875 0.001953125 0.189453125 0.001953125 0.193359375 0.005859375 0.193359375 0.021484375 0.197265625 0.02734375 0.20703125 0.021484375 0.20703125 0.017578125 0.21484375 0.0078125 0.228515625 0.005859375 0.232421875 0.009765625 0.23046875 0.013671875 0.232421875 0.017578125 0.23828125 0.01953125 0.244140625 0.025390625 0.244140625 0.037109375 0.236328125 0.044921875 0.220703125 0.044921875 0.21484375 0.048828125 0.208984375 0.048828125 0.205078125 0.052734375 0.203125 0.056640625 0.205078125 0.0625 0.21484375 0.0625 0.216796875 0.060546875 0.228515625 0.0625 0.23046875 0.068359375 0.228515625 0.0703125 0.20703125 0.068359375 0.203125 0.072265625 0.201171875 0.083984375 0.197265625 0.087890625 0.19140625 0.08984375 0.1796875 0.087890625 0.16015625 0.072265625 0.150390625 0.0703125 0.140625 0.064453125 0.138671875 0.06640625 0.134765625 0.0546875
0 0.0390625 0.013671875 0.041015625 0.015625 0.046875 0.015625 0.05859375 0.033203125 0.068359375 0.041015625 0.072265625 0.041015625 0.076171875 0.046875 0.08203125 0.06640625 0.087890625 0.068359375 0.08984375 0.072265625 0.087890625 0.080078125 0.091796875 0.087890625 0.1015625 0.09375 0.1015625 0.09765625 0.09375 0.1015625 0.076171875 0.1015625 0.072265625 0.099609375 0.064453125 0.087890625 0.05859375 0.083984375 0.052734375 0.083984375 0.044921875 0.07421875 0.021484375 0.07421875 0.017578125 0.0703125 0.013671875 0.0703125 0.0078125 0.060546875 0.0078125 0.0546875 0.001953125 0.048828125 0.001953125 0.009765625 0.013671875 0.015625 0.037109375 0.013671875
3 0.322265625 0.298828125 0.322265625 0.291015625 0.326171875 0.28125 0.32421875 0.275390625 0.328125 0.26953125 0.33203125 0.26953125 0.337890625 0.265625 0.35546875 0.265625 0.353515625 0.275390625 0.357421875 0.28125 0.3828125 0.279296875 0.38671875 0.283203125 0.380859375 0.28515625 0.369140625 0.298828125 0.361328125 0.302734375 0.330078125 0.302734375 0.32421875 0.298828125
3 0.30859375 0.53515625 0.314453125 0.5390625 0.314453125 0.544921875 0.30859375 0.556640625 0.302734375 0.560546875 0.287109375 0.5625 0.28515625 0.564453125 0.28125 0.564453125 0.27734375 0.55859375 0.287109375 0.54296875 0.287109375 0.537109375 0.291015625 0.533203125 0.306640625 0.53515625
3 0.001953125 0.40625 0.013671875 0.40234375 0.0234375 0.40234375 0.029296875 0.408203125 0.025390625 0.419921875 0.021484375 0.419921875 0.017578125 0.423828125 0.009765625 0.423828125 0.00390625 0.427734375 0.001953125 0.427734375 0.001953125 0.408203125
3 0.060546875 0.9140625 0.060546875 0.90625 0.064453125 0.90234375 0.08203125 0.90234375 0.09375 0.90625 0.09765625 0.908203125 0.09765625 0.9140625 0.09375 0.91796875 0.083984375 0.91796875 0.08203125 0.919921875 0.072265625 0.919921875 0.0625 0.9140625
3 0.0322265625 0.9208984375 0.025390625 0.013671875
3 0.576171875 0.880859375 0.58203125 0.876953125 0.591796875 0.876953125 0.607421875 0.884765625 0.611328125 0.888671875 0.611328125 0.900390625 0.60546875 0.91015625 0.599609375 0.91015625 0.5859375 0.916015625 0.568359375 0.916015625 0.56640625 0.9140625 0.537109375 0.916015625 0.53515625 0.9140625 0.529296875 0.9140625 0.52734375 0.91015625 0.5390625 0.8984375 0.548828125 0.8984375 0.56640625 0.892578125 0.576171875 0.8828125