0 0 0.35875 0.008333333984375 0.365 0.031666666015625 0.36 0.06 0.3425 0.058333333984375 0.33375 0.043333333984375 0.3225 0.036666666015625 0.30875 0.015 0.30875 0 0.3175 0 0.324375 0 0.35875
0 0.1 0.30875 0.141666666015625 0.2975 0.146666666015625 0.27625 0.163333333984375 0.245 0.135 0.24125 0.105 0.24875 0.073333333984375 0.24875 0.045 0.26625 0.045 0.27 0.066666666015625 0.3025 0.086666666015625 0.31 0.1 0.30875
0 0.22 0.22625 0.196666666015625 0.21625 0.181666666015625 0.2175 0.175 0.225 0.175 0.2275 0.18 0.235 0.2 0.245 0.205 0.25625 0.226666666015625 0.255 0.231666666015625 0.25875 0.231666666015625 0.27 0.243333333984375 0.25875 0.245 0.23875 0.273333333984375 0.22375 0.283333333984375 0.21125 0.283333333984375 0.2025 0.271666666015625 0.195 0.245 0.20375 0.22 0.22625
0 0.213333333984375 0.58875 0.158333333984375 0.61875 0.158333333984375 0.625 0.173333333984375 0.63 0.21 0.6225 0.231666666015625 0.6 0.231666666015625 0.59 0.223333333984375 0.58625 0.213333333984375 0.58875
0 0.261666666015625 0.6325 0.241666666015625 0.6325 0.236666666015625 0.64 0.236666666015625 0.645 0.273333333984375 0.65375 0.303333333984375 0.6425 0.31 0.63125 0.308333333984375 0.61375 0.316666666015625 0.59625 0.311666666015625 0.59625 0.3 0.6125 0.291666666015625 0.6075 0.286666666015625 0.59625 0.265 0.595 0.256666666015625 0.59875 0.253333333984375 0.61 0.273333333984375 0.6275 0.261666666015625 0.6325
0 0.39 0.535 0.373333333984375 0.54875 0.373333333984375 0.55375 0.383333333984375 0.5575 0.395 0.545 0.405 0.545 0.411666666015625 0.54875 0.398333333984375 0.56 0.398333333984375 0.565 0.405 0.565 0.426666666015625 0.5525 0.445 0.55375 0.458333333984375 0.54875 0.466666666015625 0.53625 0.458333333984375 0.52875 0.426666666015625 0.525 0.39 0.535
0 0.4 0.42875 0.415 0.4475 0.416666666015625 0.46375 0.433333333984375 0.495 0.436666666015625 0.51125 0.48 0.52625 0.475 0.5025 0.48 0.465 0.46 0.46625 0.441666666015625 0.4625 0.435 0.445 0.416666666015625 0.42625 0.405 0.42 0.4 0.42125 0.4 0.42875
0 0.503333333984375 0.38375 0.508333333984375 0.3775 0.505 0.37 0.485 0.3625 0.458333333984375 0.37 0.423333333984375 0.4125 0.423333333984375 0.42 0.435 0.425 0.441666666015625 0.41375 0.468333333984375 0.395 0.503333333984375 0.38375
0 0.573333333984375 0.3075 0.593333333984375 0.3075 0.588333333984375 0.27625 0.571666666015625 0.2425 0.553333333984375 0.2425 0.546666666015625 0.25375 0.546666666015625 0.2625 0.555 0.27125 0.55 0.28125 0.561666666015625 0.2875 0.573333333984375 0.3075
0 0.696666666015625 0.07375 0.733333333984375 0.0875 0.75 0.08 0.74 0.0575 0.726666666015625 0.0475 0.696666666015625 0.03625 0.67 0.03625 0.65 0.05625 0.65 0.06 0.658333333984375 0.07125 0.67 0.0775 0.696666666015625 0.07375
0 0.243333333984375 0.3525 0.25 0.34125 0.246666666015625 0.32375 0.215 0.315 0.198333333984375 0.315 0.17 0.32625 0.166666666015625 0.32875 0.17 0.3325 0.208333333984375 0.3375 0.238333333984375 0.3525 0.243333333984375 0.3525
0 0.41 0.46125 0.4 0.4575 0.373333333984375 0.46875 0.355 0.47125 0.345 0.485 0.34 0.505 0.338333333984375 0.50625 0.345 0.515 0.356666666015625 0.51625 0.363333333984375 0.5025 0.41 0.46125
3 0.373333333984375 0.55625 0.375 0.54375 0.37 0.53875 0.356666666015625 0.535 0.346666666015625 0.54 0.323333333984375 0.57125 0.323333333984375 0.57875 0.326666666015625 0.58125 0.351666666015625 0.57625 0.363333333984375 0.5675 0.373333333984375 0.55625
3 0.48 0.295 0.483333333984375 0.28875 0.453333333984375 0.2875 0.45 0.28125 0.455 0.27 0.436666666015625 0.26875 0.418333333984375 0.275 0.413333333984375 0.295 0.413333333984375 0.305 0.428333333984375 0.31125 0.451666666015625 0.31 0.48 0.295
3 0.386666666015625 0.1625 0.391666666015625 0.18125 0.408333333984375 0.19 0.435 0.19 0.453333333984375 0.16125 0.45 0.15 0.44 0.15 0.42 0.16 0.41 0.15875 0.396666666015625 0.14875 0.385 0.1475 0.378333333984375 0.15125 0.378333333984375 0.15375 0.386666666015625 0.1625
3 0.49 0.02125 0.491666666015625 0.00125 0.45 0.00125 0.435 0.04625 0.435 0.04875 0.438333333984375 0.05125 0.446666666015625 0.045 0.46 0.025 0.481666666015625 0.02625 0.49 0.02125
3 0 0.20125 0.021666666015625 0.19375 0.041666666015625 0.19375 0.046666666015625 0.1875 0.043333333984375 0.175 0.018333333984375 0.17125 0.015 0.1525 0 0.14125 0 0.14791625 0 0.20125
3 0.036666666015625 0.9225 0.031666666015625 0.92875 0.031666666015625 0.9325 0.05 0.945 0.063333333984375 0.94375 0.075 0.93625 0.066666666015625 0.92875 0.046666666015625 0.92375 0.036666666015625 0.9225
3 0 0.94625 0.013333333984375 0.9475 0.015 0.94125 0 0.9275 0 0.93375 0 0.94625
3 0.625 0.955 0.615 0.94375 0.596666666015625 0.9425 0.578333333984375 0.96 0.545 0.9625 0.535 0.96875 0.535 0.9775 0.541666666015625 0.98125 0.603333333984375 0.98375 0.621666666015625 0.97875 0.625 0.955
0 0.371666666015625 0.015 0.361666666015625 0.00625 0.363333333984375 0.00125 0.341666666015625 0.00125 0.333333333984375 0.015 0.313333333984375 0.02 0.313333333984375 0.02875 0.323333333984375 0.0375 0.36 0.03375 0.37 0.02625 0.371666666015625 0.015
0 0.193333333984375 0.0275 0.2 0.03375 0.258333333984375 0.05625 0.281666666015625 0.05625 0.303333333984375 0.075 0.316666666015625 0.07125 0.316666666015625 0.03375 0.306666666015625 0.02875 0.285 0.02875 0.275 0.025 0.231666666015625 0.00125 0.208333333984375 0.00125 0.195 0.015 0.193333333984375 0.02625 0.193333333984375 0.0275
0 0.106666666015625 0.0025 0.118333333984375 0.015 0.185 0.0575 0.195 0.055 0.191666666015625 0.04625 0.133333333984375 0.00125 0.106666666015625 0.00125 0.106666666015625 0.0025
3 0.305 0.0275 0.32 0.00125 0.295 0.00125 0.291666666015625 0.01875 0.29 0.02 0.293333333984375 0.0275 0.305 0.0275