0 0.891666666015625 0.4975 0.88 0.53375 0.888333333984375 0.555 0.898333333984375 0.56125 0.908333333984375 0.56 0.923333333984375 0.5325 0.923333333984375 0.52 0.911666666015625 0.4925 0.901666666015625 0.48875 0.891666666015625 0.4975
0 0.806666666015625 0.38625 0.811666666015625 0.4 0.841666666015625 0.40875 0.86 0.40625 0.891666666015625 0.39125 0.895 0.3775 0.888333333984375 0.37125 0.86 0.38125 0.806666666015625 0.38625
0 0.781666666015625 0.12375 0.778333333984375 0.15625 0.788333333984375 0.1775 0.811666666015625 0.17625 0.821666666015625 0.17 0.828333333984375 0.14375 0.808333333984375 0.1175 0.796666666015625 0.11625 0.781666666015625 0.12375
0 0.765 0.175 0.791666666015625 0.17625 0.781666666015625 0.13125 0.766666666015625 0.11875 0.746666666015625 0.1175 0.743333333984375 0.15625 0.765 0.175
0 0.86 0.08375 0.868333333984375 0.09625 0.886666666015625 0.0975 0.91 0.07375 0.91 0.06375 0.898333333984375 0.05375 0.878333333984375 0.05875 0.86 0.08375
0 0.875 0.19 0.878333333984375 0.19875 0.911666666015625 0.2075 0.921666666015625 0.225 0.928333333984375 0.22625 0.923333333984375 0.20875 0.956666666015625 0.15125 0.95 0.13625 0.936666666015625 0.1375 0.875 0.19
0 1 0.18 0.943333333984375 0.16875 0.941666666015625 0.19 0.973333333984375 0.20791625 0.971666666015625 0.23875 0.988333333984375 0.24 1 0.2275 1 0.18
0 0.673333333984375 0.28625 0.703333333984375 0.31125 0.713333333984375 0.30875 0.711666666015625 0.2775 0.718333333984375 0.255 0.705 0.25 0.683333333984375 0.26125 0.673333333984375 0.28625
0 0.605 0.16625 0.611666666015625 0.17125 0.665 0.18875 0.685 0.20875 0.691666666015625 0.2075 0.69 0.175 0.68 0.16375 0.65 0.15375 0.608333333984375 0.15375 0.605 0.16625
0 0.595 0.225 0.605 0.2375 0.635 0.24125 0.651666666015625 0.26125 0.666666666015625 0.2575 0.673333333984375 0.24125 0.655 0.20375 0.616666666015625 0.2025 0.596666666015625 0.2125 0.595 0.225
0 0.41 0.47875 0.418333333984375 0.4825 0.438333333984375 0.48 0.455 0.47125 0.496666666015625 0.38875 0.431666666015625 0.4275 0.411666666015625 0.42875 0.41 0.47875
0 0.468333333984375 0.52375 0.5 0.52125 0.495 0.50625 0.463333333984375 0.49125 0.416666666015625 0.495 0.421666666015625 0.5125 0.468333333984375 0.52375
0 0.366666666015625 0.5425 0.373333333984375 0.555 0.395 0.555 0.413333333984375 0.54875 0.421666666015625 0.52125 0.415 0.5125 0.4 0.51625 0.366666666015625 0.5425
0 0.558333333984375 0.61 0.578333333984375 0.6225 0.616666666015625 0.62125 0.623333333984375 0.6175 0.618333333984375 0.60625 0.568333333984375 0.59375 0.556666666015625 0.59625 0.558333333984375 0.61
0 0.631666666015625 0.575 0.653333333984375 0.6025 0.695 0.60875 0.7 0.6 0.691666666015625 0.59375 0.648333333984375 0.565 0.633333333984375 0.565 0.631666666015625 0.575
0 0.613333333984375 0.40625 0.636666666015625 0.43 0.673333333984375 0.42375 0.686666666015625 0.40625 0.683333333984375 0.39375 0.668333333984375 0.3875 0.611666666015625 0.39125 0.613333333984375 0.40625
0 0.526666666015625 0.485 0.541666666015625 0.485 0.545 0.47 0.538333333984375 0.44625 0.488333333984375 0.42625 0.485 0.43 0.526666666015625 0.485
0 0.4 0.3425 0.45 0.37 0.466666666015625 0.39125 0.476666666015625 0.38875 0.478333333984375 0.37375 0.448333333984375 0.335 0.426666666015625 0.32375 0.406666666015625 0.32875 0.4 0.3425
0 0.35 0.2 0.325 0.24875 0.328333333984375 0.26 0.341666666015625 0.26 0.37 0.23875 0.366666666015625 0.2325 0.38 0.21375 0.365 0.19375 0.35 0.2
0 0.446666666015625 0.13625 0.45 0.15125 0.47 0.16625 0.513333333984375 0.16375 0.533333333984375 0.155 0.541666666015625 0.1325 0.538333333984375 0.125 0.51 0.13625 0.446666666015625 0.13625
0 0.731666666015625 0.06375 0.736666666015625 0.0725 0.756666666015625 0.0725 0.785 0.04875 0.786666666015625 0.02625 0.773333333984375 0.00625 0.76 0.0125 0.731666666015625 0.06375
0 0.796666666015625 0.04375 0.811666666015625 0.04375 0.845 0.01875 0.85 0.00125 0.776666666015625 0.00125 0.775 0.01375 0.796666666015625 0.04375
0 0.588333333984375 0.00125 0.605 0.025 0.598333333984375 0.03625 0.63 0.0475 0.636666666015625 0.0575 0.65 0.0575 0.696666666015625 0.0275 0.693333333984375 0.01125 0.675 0.00625 0.673333333984375 0.00125 0.588333333984375 0.00125
0 0.19 0.025 0.16 0.0575 0.178333333984375 0.09875 0.195 0.1 0.211666666015625 0.0675 0.238333333984375 0.05375 0.238333333984375 0.03625 0.228333333984375 0.025 0.19 0.025
0 0.121666666015625 0.1425 0.145 0.1475 0.17 0.10625 0.171666666015625 0.05 0.118333333984375 0.0525 0.108333333984375 0.11125 0.121666666015625 0.1425
0 0.021666666015625 0.28375 0.023333333984375 0.295 0.001666666015625 0.31 0.001666666015625 0.34875 0.006666666015625 0.355 0.053333333984375 0.3625 0.066666666015625 0.34 0.068333333984375 0.3 0.063333333984375 0.2875 0.043333333984375 0.275 0.021666666015625 0.28375
0 0.151666666015625 0.5575 0.155 0.59875 0.161666666015625 0.6025 0.185 0.6 0.195 0.58875 0.201666666015625 0.56 0.19 0.54625 0.17 0.5425 0.151666666015625 0.5575