3 0.59 0.145 0.58 0.138333333984375 0.56375 0.155 0.5625 0.17 0.57375 0.175 0.59 0.155 0.59 0.145
3 0.42125 0.316666666015625 0.4125 0.313333333984375 0.40375 0.321666666015625 0.405 0.331666666015625 0.4325 0.341666666015625 0.4325 0.331666666015625 0.42125 0.316666666015625
3 0.04125 0.121666666015625 0.03625 0.116666666015625 0.02875 0.121666666015625 0.02625 0.143333333984375 0.0325 0.148333333984375 0.04 0.136666666015625 0.04125 0.121666666015625
3 0.0325 0.085 0.02375 0.088333333984375 0.0225 0.103333333984375 0.03 0.101666666015625 0.03625 0.091666666015625 0.0325 0.085
3 0.02625 0.565 0.01 0.563333333984375 0.00125 0.553333333984375 0 0.588333333984375 0.015 0.59 0.0225 0.585 0.02625 0.565
0 0.63625 0.368333333984375 0.6475 0.373333333984375 0.66625 0.396666666015625 0.6725 0.396666666015625 0.67875 0.376666666015625 0.69375 0.376666666015625 0.695 0.371666666015625 0.67 0.358333333984375 0.6725 0.32 0.6675 0.316666666015625 0.66125 0.323333333984375 0.6575 0.333333333984375 0.65875 0.353333333984375 0.64125 0.356666666015625 0.63625 0.368333333984375
0 0.70125 0.435 0.70125 0.413333333984375 0.68125 0.408333333984375 0.665 0.438333333984375 0.665 0.466666666015625 0.67125 0.471666666015625 0.6875 0.44 0.70125 0.435
0 0.61125 0.463333333984375 0.62125 0.406666666015625 0.6175 0.396666666015625 0.60625 0.393333333984375 0.59875 0.403333333984375 0.59875 0.433333333984375 0.5925 0.453333333984375 0.60625 0.466666666015625 0.61125 0.463333333984375
0 0.6325 0.305 0.64 0.301666666015625 0.62375 0.275 0.595 0.275 0.59125 0.285 0.59625 0.29 0.6025 0.288333333984375 0.6325 0.305
0 0.48125 0.223333333984375 0.4725 0.245 0.4725 0.265 0.48375 0.261666666015625 0.51375 0.211666666015625 0.51875 0.185 0.5075 0.181666666015625 0.4875 0.206666666015625 0.47 0.198333333984375 0.47 0.21 0.48125 0.223333333984375
0 0.39 0.485 0.40625 0.501666666015625 0.4225 0.503333333984375 0.43625 0.488333333984375 0.44 0.475 0.43875 0.453333333984375 0.43 0.45 0.42125 0.463333333984375 0.39875 0.468333333984375 0.3725 0.483333333984375 0.39 0.485
0 0.31625 0.276666666015625 0.3175 0.263333333984375 0.29 0.22 0.28625 0.225 0.28875 0.255 0.3075 0.275 0.31625 0.276666666015625