4 0.056640625 0.958984375 0.0625 0.962890625 0.0703125 0.9609375 0.08203125 0.96484375 0.119140625 0.96875 0.12109375 0.970703125 0.125 0.96875 0.126953125 0.970703125 0.130859375 0.96875 0.134765625 0.970703125 0.138671875 0.96875 0.140625 0.970703125 0.146484375 0.970703125 0.1484375 0.974609375 0.154296875 0.9765625 0.154296875 0.994140625 0.15234375 0.998046875 0.0234375 0.998046875 0.0234375 0.990234375 0.01953125 0.98046875 0.01953125 0.966796875 0.0234375 0.9609375 0.033203125 0.953125 0.041015625 0.953125 0.044921875 0.95703125 0.0546875 0.958984375
0 0.490234375 0.712890625 0.4921875 0.71484375 0.505859375 0.71484375 0.51171875 0.71875 0.513671875 0.724609375 0.517578125 0.7265625 0.517578125 0.736328125 0.513671875 0.736328125 0.505859375 0.728515625 0.5 0.728515625 0.49609375 0.736328125 0.482421875 0.75 0.482421875 0.75390625 0.478515625 0.7578125 0.470703125 0.7578125 0.466796875 0.751953125 0.466796875 0.748046875 0.478515625 0.716796875 0.48828125 0.712890625
0 0.408203125 0.787109375 0.03125 0.037109375
0 0.29296875 0.703125 0.294921875 0.705078125 0.298828125 0.703125 0.302734375 0.70703125 0.306640625 0.73046875 0.310546875 0.736328125 0.310546875 0.744140625 0.306640625 0.748046875 0.302734375 0.748046875 0.291015625 0.736328125 0.287109375 0.73046875 0.287109375 0.7265625 0.283203125 0.724609375 0.28125 0.703125 0.27734375 0.697265625 0.28125 0.689453125 0.28125 0.68359375 0.283203125 0.681640625 0.2890625 0.681640625 0.291015625 0.68359375 0.2890625 0.6875 0.2890625 0.701171875 0.291015625 0.703125
0 0.306640625 0.5390625 0.326171875 0.556640625 0.326171875 0.564453125 0.328125 0.56640625 0.33984375 0.56640625 0.341796875 0.568359375 0.341796875 0.57421875 0.3359375 0.580078125 0.326171875 0.580078125 0.32421875 0.578125 0.3203125 0.58203125 0.318359375 0.5859375 0.318359375 0.59765625 0.3203125 0.599609375 0.318359375 0.6015625 0.318359375 0.609375 0.310546875 0.623046875 0.306640625 0.623046875 0.302734375 0.6171875 0.3046875 0.611328125 0.3046875 0.59375 0.30859375 0.587890625 0.306640625 0.578125 0.296875 0.5703125 0.287109375 0.5703125 0.28125 0.568359375 0.279296875 0.564453125 0.28125 0.55859375 0.294921875 0.5625 0.30078125 0.55078125 0.30078125 0.541015625 0.3046875 0.5390625
0 0.30859375 0.47265625 0.31640625 0.47265625 0.318359375 0.4765625 0.318359375 0.498046875 0.31640625 0.5 0.31640625 0.505859375 0.306640625 0.51953125 0.30078125 0.521484375 0.294921875 0.53125 0.28515625 0.53125 0.279296875 0.5234375 0.2734375 0.521484375 0.2734375 0.505859375 0.27734375 0.5 0.291015625 0.498046875 0.3046875 0.48046875 0.3046875 0.4765625 0.30859375 0.474609375
0 0.580078125 0.41796875 0.5859375 0.419921875 0.599609375 0.43359375 0.6171875 0.43359375 0.6171875 0.439453125 0.611328125 0.443359375 0.599609375 0.4453125 0.591796875 0.451171875 0.578125 0.453125 0.5703125 0.4609375 0.5625 0.46484375 0.5625 0.46875 0.55859375 0.474609375 0.548828125 0.47265625 0.544921875 0.46484375 0.546875 0.4375 0.55859375 0.42578125 0.560546875 0.419921875 0.564453125 0.41796875 0.578125 0.41796875
0 0.572265625 0.58984375 0.583984375 0.595703125 0.587890625 0.6015625 0.587890625 0.60546875 0.583984375 0.611328125 0.578125 0.615234375 0.572265625 0.615234375 0.564453125 0.611328125 0.5625 0.60546875 0.5546875 0.59765625 0.5546875 0.58984375 0.55859375 0.583984375 0.56640625 0.58984375 0.5703125 0.58984375
0 0.685546875 0.650390625 0.705078125 0.669921875 0.708984375 0.681640625 0.708984375 0.69140625 0.7109375 0.693359375 0.7109375 0.701171875 0.70703125 0.708984375 0.703125 0.708984375 0.697265625 0.69140625 0.689453125 0.6875 0.68359375 0.671875 0.67578125 0.6640625 0.67578125 0.650390625 0.6796875 0.6484375 0.68359375 0.650390625
3 0.96484375 0.8046875 0.96484375 0.787109375 0.97265625 0.771484375 0.9765625 0.771484375 0.98046875 0.79296875 0.97265625 0.8046875 0.966796875 0.8046875
3 0.98046875 0.83203125 0.015625 0.01953125
3 0.978515625 0.318359375 0.98828125 0.3125 0.998046875 0.310546875 0.998046875 0.35546875 0.994140625 0.357421875 0.998046875 0.361328125 0.9921875 0.357421875 0.99609375 0.353515625 0.994140625 0.349609375 0.98828125 0.349609375 0.986328125 0.345703125 0.982421875 0.34765625 0.974609375 0.33984375 0.974609375 0.33203125 0.97265625 0.330078125 0.978515625 0.3203125