0 0.44125 0.671666666015625 0.44 0.638333333984375 0.43 0.638333333984375 0.42125 0.661666666015625 0.40125 0.675 0.4 0.693333333984375 0.42125 0.703333333984375 0.44125 0.671666666015625
0 0.4189453125 0.6708984375 0.04296875 0.068359375
0 0.615234375 0.857421875 0.625 0.86328125 0.63671875 0.86328125 0.642578125 0.857421875 0.650390625 0.857421875 0.65234375 0.85546875 0.666015625 0.857421875 0.66796875 0.859375 0.669921875 0.865234375 0.66796875 0.873046875 0.66015625 0.873046875 0.658203125 0.875 0.66015625 0.876953125 0.654296875 0.884765625 0.65625 0.88671875 0.654296875 0.892578125 0.65625 0.896484375 0.65625 0.904296875 0.654296875 0.90625 0.65625 0.91015625 0.65234375 0.91796875 0.6484375 0.91796875 0.640625 0.91015625 0.6328125 0.89453125 0.626953125 0.89453125 0.62109375 0.890625 0.6015625 0.87109375 0.603515625 0.86328125 0.61328125 0.857421875
0 0.6625 0.95 0.68 0.951666666015625 0.69 0.931666666015625 0.6925 0.893333333984375 0.6875 0.88 0.6775 0.873333333984375 0.65875 0.878333333984375 0.655 0.915 0.6625 0.95
0 0.83875 0.945 0.84125 0.926666666015625 0.83625 0.901666666015625 0.815 0.881666666015625 0.805 0.883333333984375 0.80375 0.895 0.83 0.943333333984375 0.83875 0.945
0 0.78 1 0.7725 0.97 0.7625 0.968333333984375 0.75625 0.975 0.75625 1 0.78 1
0 0.7625 0.751666666015625 0.775 0.763333333984375 0.78625 0.76 0.79125 0.738333333984375 0.7825 0.721666666015625 0.78125 0.701666666015625 0.76125 0.688333333984375 0.75625 0.725 0.7625 0.751666666015625
0 0.58 0.596666666015625 0.58 0.578333333984375 0.565 0.576666666015625 0.52875 0.588333333984375 0.52625 0.603333333984375 0.53375 0.613333333984375 0.5475 0.613333333984375 0.58 0.596666666015625
0 0.66875 0.738333333984375 0.74375 0.716666666015625 0.75875 0.678333333984375 0.75875 0.671666666015625 0.73875 0.68 0.705 0.666666666015625 0.7 0.708333333984375 0.67625 0.721666666015625 0.66875 0.738333333984375
0 0.50875 0.708333333984375 0.51625 0.665 0.50875 0.653333333984375 0.49875 0.651666666015625 0.485 0.703333333984375 0.485 0.723333333984375 0.5025 0.728333333984375 0.50875 0.708333333984375
0 0.4525 0.745 0.44375 0.721666666015625 0.43375 0.715 0.425 0.73 0.405 0.735 0.40875 0.745 0.4325 0.76 0.42875 0.801666666015625 0.43625 0.8 0.45625 0.763333333984375 0.465 0.76 0.465 0.748333333984375 0.4525 0.745
3 0.57875 0.713333333984375 0.57875 0.68 0.56125 0.661666666015625 0.555 0.683333333984375 0.54875 0.683333333984375 0.55 0.705 0.5575 0.715 0.57875 0.713333333984375
3 0.5175 0.89 0.53625 0.871666666015625 0.53375 0.856666666015625 0.51 0.86 0.50625 0.883333333984375 0.5175 0.89