0 0.5025 0.108333333984375 0.51125 0.098333333984375 0.5075 0.088333333984375 0.48 0.076666666015625 0.4675 0.076666666015625 0.44 0.091666666015625 0.43875 0.101666666015625 0.445 0.111666666015625 0.46625 0.12 0.5025 0.108333333984375
0 0.61875 0.14 0.62875 0.111666666015625 0.6225 0.105 0.60875 0.108333333984375 0.59375 0.14 0.59125 0.158333333984375 0.6 0.188333333984375 0.61375 0.193333333984375 0.61875 0.14
0 0.88375 0.203333333984375 0.8825 0.191666666015625 0.85625 0.171666666015625 0.83 0.178333333984375 0.82375 0.188333333984375 0.8225 0.211666666015625 0.84375 0.221666666015625 0.87625 0.218333333984375 0.88375 0.203333333984375
0 0.88125 0.233333333984375 0.86875 0.218333333984375 0.82375 0.208333333984375 0.825 0.235 0.84375 0.256666666015625 0.8825 0.253333333984375 0.88125 0.233333333984375
0 0.94625 0.101666666015625 0.93625 0.09 0.92625 0.09 0.9025 0.113333333984375 0.90375 0.131666666015625 0.91625 0.14 0.94125 0.121666666015625 0.94625 0.101666666015625
0 0.81 0.125 0.8625 0.063333333984375 0.86375 0.05 0.84875 0.043333333984375 0.79125 0.076666666015625 0.77375 0.071666666015625 0.775 0.078333333984375 0.7925 0.088333333984375 0.80125 0.121666666015625 0.81 0.125
0 0.7725 0 0.76 0.011666666015625 0.76125 0.028333333984375 0.79208375 0.026666666015625 0.81 0.058333333984375 0.83125 0.056666666015625 0.82 0 0.7725 0
0 0.75 0.295 0.745 0.281666666015625 0.7225 0.288333333984375 0.69125 0.286666666015625 0.68875 0.296666666015625 0.71375 0.326666666015625 0.73875 0.316666666015625 0.75 0.295
0 0.83375 0.395 0.84625 0.391666666015625 0.84625 0.35 0.83625 0.32 0.825 0.31 0.7925 0.308333333984375 0.79125 0.315 0.81125 0.335 0.82875 0.388333333984375 0.83375 0.395
0 0.775 0.405 0.7875 0.403333333984375 0.7975 0.383333333984375 0.79625 0.345 0.75875 0.326666666015625 0.7425 0.333333333984375 0.73875 0.348333333984375 0.75875 0.365 0.7625 0.395 0.775 0.405
0 0.5725 0.568333333984375 0.61125 0.503333333984375 0.52875 0.545 0.52 0.561666666015625 0.5175 0.581666666015625 0.52125 0.59 0.57125 0.588333333984375 0.5725 0.568333333984375
0 0.50875 0.536666666015625 0.49375 0.505 0.47875 0.5 0.47625 0.531666666015625 0.4875 0.578333333984375 0.505 0.583333333984375 0.50875 0.536666666015625
0 0.4875 0.585 0.47875 0.578333333984375 0.45125 0.586666666015625 0.445 0.605 0.445 0.626666666015625 0.4575 0.633333333984375 0.48375 0.6 0.4875 0.585
0 0.40625 0.431666666015625 0.39375 0.381666666015625 0.3825 0.376666666015625 0.37875 0.383333333984375 0.3775 0.421666666015625 0.39 0.441666666015625 0.40375 0.443333333984375 0.40625 0.431666666015625
0 0.435 0.351666666015625 0.40625 0.308333333984375 0.4 0.3 0.39125 0.305 0.3975 0.346666666015625 0.425 0.368333333984375 0.435 0.366666666015625 0.435 0.351666666015625
0 0.6125 0.331666666015625 0.60625 0.316666666015625 0.59375 0.313333333984375 0.57625 0.326666666015625 0.57 0.363333333984375 0.59375 0.386666666015625 0.60875 0.388333333984375 0.6125 0.331666666015625
0 0.55375 0.461666666015625 0.53 0.455 0.515 0.458333333984375 0.515 0.473333333984375 0.57 0.515 0.57375 0.511666666015625 0.55375 0.461666666015625
0 0.67125 0.593333333984375 0.67625 0.573333333984375 0.665 0.551666666015625 0.62625 0.521666666015625 0.61125 0.523333333984375 0.60875 0.533333333984375 0.63 0.55 0.6575 0.6 0.67125 0.593333333984375
0 0.80625 0.635 0.78625 0.62 0.7675 0.633333333984375 0.76125 0.63 0.74 0.658333333984375 0.74 0.671666666015625 0.75125 0.675 0.8 0.65 0.80625 0.635
0 0.86375 0.49 0.875 0.461666666015625 0.8675 0.458333333984375 0.845 0.466666666015625 0.83625 0.486666666015625 0.83375 0.53 0.84875 0.55 0.86375 0.553333333984375 0.86375 0.49
0 0.99375 0.226666666015625 0.97375 0.213333333984375 0.95125 0.215 0.9275 0.243333333984375 0.9275 0.263333333984375 0.93625 0.268333333984375 0.9875 0.24 0.99375 0.226666666015625
0 0.99875 0.15 0.98125 0.155 0.95625 0.188333333984375 0.95625 0.203333333984375 0.98625 0.225 0.99875 0.223333333984375 0.99875 0.15
0 0.975 0.395 0.99875 0.411666666015625 0.99875 0.326666666015625 0.99375 0.325 0.98875 0.306666666015625 0.9725 0.303333333984375 0.9425 0.35 0.9425 0.363333333984375 0.9525 0.37 0.96375 0.401666666015625 0.975 0.395
0 0.975 0.771666666015625 0.96375 0.761666666015625 0.94625 0.761666666015625 0.9325 0.788333333984375 0.9 0.805 0.90125 0.821666666015625 0.9425 0.84 0.975 0.81 0.975 0.771666666015625
0 0.95 0.828333333984375 0.89375 0.83 0.8525 0.855 0.8575 0.878333333984375 0.88875 0.891666666015625 0.9475 0.881666666015625 0.95 0.828333333984375
0 0.705 0.976666666015625 0.71625 0.978333333984375 0.725 0.956666666015625 0.7125 0.936666666015625 0.7 0.931666666015625 0.66 0.933333333984375 0.6375 0.946666666015625 0.645 0.993333333984375 0.65125 0.998333333984375 0.69 0.998333333984375 0.705 0.976666666015625
0 0.4575 0.83 0.45375 0.81 0.44 0.798333333984375 0.41125 0.805 0.4 0.815 0.3975 0.838333333984375 0.40125 0.845 0.4425 0.848333333984375 0.4575 0.83