0 0.6 0.306666666015625 0.57875 0.296666666015625 0.55875 0.328333333984375 0.56 0.361666666015625 0.57 0.361666666015625 0.57875 0.338333333984375 0.59875 0.325 0.6 0.306666666015625
0 0.578125 0.296875 0.5859375 0.296875 0.595703125 0.30078125 0.599609375 0.3046875 0.599609375 0.3125 0.6015625 0.314453125 0.599609375 0.31640625 0.599609375 0.326171875 0.591796875 0.33203125 0.5859375 0.33203125 0.578125 0.341796875 0.572265625 0.361328125 0.5703125 0.36328125 0.5625 0.36328125 0.560546875 0.361328125 0.560546875 0.328125 0.56640625 0.318359375 0.56640625 0.314453125 0.5703125 0.3125 0.5703125 0.30859375 0.57421875 0.306640625 0.578125 0.298828125
0 0.349609375 0.080078125 0.357421875 0.087890625 0.36328125 0.09765625 0.36328125 0.1015625 0.365234375 0.103515625 0.37109375 0.103515625 0.38671875 0.115234375 0.396484375 0.126953125 0.396484375 0.130859375 0.38671875 0.140625 0.3828125 0.140625 0.373046875 0.134765625 0.361328125 0.134765625 0.35546875 0.140625 0.34765625 0.140625 0.345703125 0.142578125 0.33203125 0.140625 0.328125 0.12890625 0.330078125 0.125 0.337890625 0.125 0.33984375 0.123046875 0.337890625 0.12109375 0.34375 0.11328125 0.341796875 0.111328125 0.34375 0.10546875 0.341796875 0.1015625 0.341796875 0.09375 0.34375 0.091796875 0.341796875 0.087890625 0.34375 0.08203125 0.34765625 0.080078125
0 0.34125 0.121666666015625 0.345 0.085 0.3375 0.05 0.32 0.048333333984375 0.31 0.068333333984375 0.3075 0.106666666015625 0.3125 0.12 0.3225 0.126666666015625 0.34125 0.121666666015625
0 0.19625 0.105 0.17 0.056666666015625 0.16125 0.055 0.15875 0.073333333984375 0.16375 0.098333333984375 0.185 0.118333333984375 0.195 0.116666666015625 0.19625 0.105
0 0.22 0 0.2275 0.03 0.2375 0.031666666015625 0.24375 0.025 0.24375 0 0.22 0
0 0.23875 0.311666666015625 0.24375 0.275 0.2375 0.248333333984375 0.225 0.236666666015625 0.21375 0.24 0.20875 0.261666666015625 0.2175 0.278333333984375 0.21875 0.298333333984375 0.23875 0.311666666015625
0 0.46625 0.386666666015625 0.4525 0.386666666015625 0.42 0.403333333984375 0.42 0.421666666015625 0.435 0.423333333984375 0.47125 0.411666666015625 0.47375 0.396666666015625 0.46625 0.386666666015625
0 0.3 0.291666666015625 0.32375 0.278333333984375 0.33125 0.261666666015625 0.25625 0.283333333984375 0.24125 0.321666666015625 0.24125 0.328333333984375 0.26125 0.32 0.295 0.333333333984375 0.3 0.291666666015625
0 0.515 0.276666666015625 0.4975 0.271666666015625 0.49125 0.291666666015625 0.48375 0.335 0.49125 0.346666666015625 0.50125 0.348333333984375 0.515 0.296666666015625 0.515 0.276666666015625
0 0.535 0.24 0.535 0.251666666015625 0.5475 0.255 0.55625 0.278333333984375 0.56625 0.285 0.575 0.27 0.595 0.265 0.59125 0.255 0.5675 0.24 0.57125 0.198333333984375 0.56375 0.2 0.54375 0.236666666015625 0.535 0.24
3 0.45 0.295 0.4425 0.285 0.42125 0.286666666015625 0.42125 0.32 0.43875 0.338333333984375 0.445 0.316666666015625 0.45125 0.316666666015625 0.45 0.295
3 0.49 0.14 0.49375 0.116666666015625 0.4825 0.11 0.46375 0.128333333984375 0.46625 0.143333333984375 0.49 0.14