1 0.821875 0 0.79625 0.006666666015625 0.78875 0.033333333984375 0.79125 0.058333333984375 0.7975 0.073333333984375 0.8175 0.09 0.85125 0.081666666015625 0.85125 0.068333333984375 0.845 0.051666666015625 0.85125 0.041666666015625 0.8525 0.021666666015625 0.82875 0 0.821875 0
2 0.865 0.608333333984375 0.85 0.641666666015625 0.83625 0.656666666015625 0.8175 0.66 0.81375 0.67 0.81625 0.681666666015625 0.8275 0.688333333984375 0.84125 0.686666666015625 0.845 0.695 0.8575 0.7 0.89 0.685 0.90375 0.686666666015625 0.90375 0.665 0.91 0.635 0.9325 0.615 0.93125 0.588333333984375 0.92 0.576666666015625 0.90875 0.576666666015625 0.9 0.581666666015625 0.8975 0.6 0.88625 0.596666666015625 0.865 0.608333333984375
0 0.7175 0.468333333984375 0.70875 0.473333333984375 0.7075 0.49 0.71625 0.493333333984375 0.76625 0.466666666015625 0.77 0.461666666015625 0.76875 0.446666666015625 0.755 0.438333333984375 0.75375 0.438333333984375 0.74625 0.441666666015625 0.74125 0.451666666015625 0.73 0.45 0.7175 0.468333333984375
0 0.5025 0.37 0.49625 0.406666666015625 0.50875 0.41 0.5225 0.405 0.5425 0.413333333984375 0.55125 0.408333333984375 0.54875 0.373333333984375 0.57875 0.348333333984375 0.58625 0.331666666015625 0.58375 0.326666666015625 0.58125 0.326666666015625 0.56 0.345 0.55 0.343333333984375 0.52125 0.363333333984375 0.5025 0.37
0 0.64 0.42 0.6475 0.395 0.64 0.375 0.595 0.34 0.59 0.34 0.58375 0.353333333984375 0.6175 0.388333333984375 0.63 0.421666666015625 0.64 0.42
0 0.65 0.283333333984375 0.6575 0.285 0.665 0.268333333984375 0.685 0.268333333984375 0.7025 0.25 0.72375 0.265 0.755 0.261666666015625 0.75625 0.245 0.74875 0.235 0.72375 0.225 0.7125 0.215 0.70375 0.215 0.69375 0.231666666015625 0.6675 0.235 0.6475 0.268333333984375 0.65 0.283333333984375
0 0.585 0.213333333984375 0.5875 0.16 0.57875 0.14 0.57125 0.14 0.55375 0.151666666015625 0.54625 0.186666666015625 0.5675 0.21 0.585 0.213333333984375
0 0.415 0.191666666015625 0.41625 0.176666666015625 0.3825 0.128333333984375 0.37625 0.128333333984375 0.37375 0.14 0.37875 0.171666666015625 0.4025 0.191666666015625 0.415 0.191666666015625
0 0.375 0.268333333984375 0.40375 0.268333333984375 0.41875 0.275 0.415 0.265 0.40375 0.258333333984375 0.4125 0.236666666015625 0.41125 0.22 0.405 0.211666666015625 0.39875 0.211666666015625 0.3825 0.231666666015625 0.37625 0.205 0.37 0.2 0.365 0.2 0.36125 0.203333333984375 0.3575 0.238333333984375 0.36875 0.261666666015625 0.375 0.268333333984375
0 0.465 0.36 0.46625 0.396666666015625 0.485 0.405 0.49 0.366666666015625 0.4775 0.333333333984375 0.46625 0.323333333984375 0.46375 0.323333333984375 0.46125 0.326666666015625 0.47 0.338333333984375 0.47 0.351666666015625 0.465 0.36
0 0.435546875 0.341796875 0.453125 0.34765625 0.453125 0.3515625 0.458984375 0.357421875 0.458984375 0.361328125 0.451171875 0.369140625 0.451171875 0.396484375 0.453125 0.3984375 0.46484375 0.396484375 0.470703125 0.40234375 0.470703125 0.41015625 0.466796875 0.4140625 0.466796875 0.421875 0.45703125 0.427734375 0.443359375 0.447265625 0.443359375 0.451171875 0.43359375 0.453125 0.427734375 0.447265625 0.42578125 0.44140625 0.427734375 0.423828125 0.431640625 0.41796875 0.431640625 0.392578125 0.427734375 0.384765625 0.427734375 0.361328125 0.42578125 0.359375 0.427734375 0.357421875 0.427734375 0.349609375 0.43359375 0.34375
0 0.509765625 0.283203125 0.51171875 0.28515625 0.529296875 0.28515625 0.533203125 0.2890625 0.533203125 0.29296875 0.537109375 0.298828125 0.537109375 0.3046875 0.541015625 0.30859375 0.541015625 0.3125 0.544921875 0.31640625 0.55078125 0.330078125 0.55078125 0.33984375 0.54296875 0.337890625 0.5390625 0.330078125 0.52734375 0.318359375 0.517578125 0.314453125 0.513671875 0.30859375 0.50390625 0.30078125 0.5 0.30078125 0.494140625 0.294921875 0.494140625 0.28515625 0.5 0.28125 0.5078125 0.283203125
3 0.4765625 0.439453125 0.482421875 0.439453125 0.4921875 0.44921875 0.4921875 0.4765625 0.49609375 0.486328125 0.494140625 0.498046875 0.48828125 0.505859375 0.4765625 0.5078125 0.47265625 0.50390625 0.46875 0.48828125 0.474609375 0.466796875 0.474609375 0.447265625 0.4765625 0.44140625
0 0.42578125 0.607421875 0.439453125 0.6171875 0.4453125 0.62890625 0.443359375 0.64453125 0.435546875 0.654296875 0.43359375 0.65234375 0.427734375 0.654296875 0.412109375 0.6484375 0.396484375 0.650390625 0.390625 0.6484375 0.38671875 0.640625 0.38671875 0.634765625 0.390625 0.62890625 0.390625 0.625 0.400390625 0.615234375 0.412109375 0.615234375 0.41796875 0.607421875 0.423828125 0.607421875
0 0.552734375 0.60546875 0.560546875 0.60546875 0.56640625 0.611328125 0.572265625 0.61328125 0.56640625 0.623046875 0.5703125 0.634765625 0.576171875 0.640625 0.5859375 0.64453125 0.595703125 0.640625 0.603515625 0.64453125 0.603515625 0.6640625 0.59375 0.666015625 0.58984375 0.669921875 0.5859375 0.6796875 0.58203125 0.681640625 0.578125 0.6796875 0.56640625 0.6796875 0.560546875 0.66796875 0.546875 0.662109375 0.5390625 0.650390625 0.5390625 0.63671875 0.546875 0.625 0.546875 0.619140625 0.552734375 0.607421875
0 0.6640625 0.7265625 0.666015625 0.728515625 0.67578125 0.728515625 0.68359375 0.732421875 0.685546875 0.73828125 0.689453125 0.740234375 0.69140625 0.751953125 0.685546875 0.765625 0.685546875 0.775390625 0.681640625 0.775390625 0.67578125 0.771484375 0.666015625 0.771484375 0.662109375 0.775390625 0.658203125 0.7890625 0.658203125 0.80078125 0.654296875 0.802734375 0.646484375 0.798828125 0.63671875 0.798828125 0.626953125 0.79296875 0.623046875 0.79296875 0.619140625 0.7890625 0.619140625 0.767578125 0.611328125 0.759765625 0.609375 0.75 0.61328125 0.740234375 0.626953125 0.736328125 0.6328125 0.73046875 0.64453125 0.73046875 0.646484375 0.728515625 0.662109375 0.7265625
0 0.376953125 0.025390625 0.384765625 0.029296875 0.388671875 0.0390625 0.388671875 0.04296875 0.384765625 0.048828125 0.384765625 0.064453125 0.380859375 0.072265625 0.380859375 0.115234375 0.376953125 0.119140625 0.369140625 0.1171875 0.361328125 0.109375 0.35546875 0.095703125 0.357421875 0.083984375 0.353515625 0.07421875 0.35546875 0.052734375 0.369140625 0.033203125 0.369140625 0.02734375 0.375 0.025390625
0 0.759765625 0.134765625 0.771484375 0.138671875 0.791015625 0.13671875 0.80078125 0.142578125 0.8046875 0.1484375 0.8046875 0.162109375 0.814453125 0.177734375 0.814453125 0.21875 0.8046875 0.224609375 0.798828125 0.21875 0.796875 0.20703125 0.79296875 0.203125 0.79296875 0.197265625 0.7890625 0.189453125 0.7890625 0.17578125 0.783203125 0.169921875 0.779296875 0.16015625 0.771484375 0.15625 0.759765625 0.13671875
0 0.837890625 0.28125 0.841796875 0.287109375 0.841796875 0.29296875 0.833984375 0.310546875 0.828125 0.318359375 0.828125 0.359375 0.83203125 0.369140625 0.828125 0.375 0.81640625 0.373046875 0.806640625 0.36328125 0.798828125 0.3515625 0.798828125 0.341796875 0.8046875 0.328125 0.802734375 0.30859375 0.8125 0.291015625 0.8203125 0.28515625 0.826171875 0.28515625 0.8359375 0.28125
3 0.669921875 0.115234375 0.685546875 0.12109375 0.69140625 0.12109375 0.69921875 0.115234375 0.71484375 0.109375 0.720703125 0.11328125 0.720703125 0.130859375 0.71484375 0.142578125 0.703125 0.146484375 0.6953125 0.15625 0.6875 0.15625 0.681640625 0.14453125 0.677734375 0.142578125 0.677734375 0.138671875 0.66796875 0.1328125 0.662109375 0.12109375 0.66796875 0.115234375
0 0.755859375 0.162109375 0.759765625 0.1640625 0.765625 0.17578125 0.765625 0.181640625 0.76953125 0.185546875 0.76953125 0.193359375 0.763671875 0.203125 0.765625 0.205078125 0.763671875 0.216796875 0.759765625 0.22265625 0.759765625 0.2265625 0.755859375 0.23046875 0.755859375 0.236328125 0.748046875 0.236328125 0.734375 0.2265625 0.734375 0.2109375 0.73828125 0.203125 0.736328125 0.197265625 0.732421875 0.193359375 0.71875 0.19140625 0.708984375 0.181640625 0.708984375 0.171875 0.712890625 0.1640625 0.724609375 0.15625 0.73046875 0.15625 0.734375 0.16015625 0.7421875 0.16015625 0.744140625 0.162109375 0.74609375 0.16015625 0.751953125 0.16015625 0.75390625 0.162109375
0 0.9453125 0.130859375 0.953125 0.134765625 0.95703125 0.1484375 0.96484375 0.158203125 0.982421875 0.162109375 0.99609375 0.177734375 0.99609375 0.1875 0.9921875 0.19140625 0.9765625 0.19140625 0.970703125 0.1953125 0.9765625 0.205078125 0.98046875 0.205078125 0.990234375 0.212890625 0.9921875 0.2265625 0.98828125 0.23046875 0.984375 0.228515625 0.98046875 0.23046875 0.978515625 0.236328125 0.97265625 0.2421875 0.9609375 0.2421875 0.953125 0.234375 0.953125 0.21875 0.94921875 0.212890625 0.94921875 0.20703125 0.9453125 0.203125 0.94140625 0.201171875 0.935546875 0.203125 0.935546875 0.212890625 0.9375 0.21484375 0.935546875 0.2265625 0.9296875 0.228515625 0.927734375 0.2265625 0.9296875 0.205078125 0.92578125 0.201171875 0.9140625 0.19921875 0.91015625 0.1953125 0.908203125 0.189453125 0.91015625 0.177734375 0.92578125 0.158203125 0.927734375 0.1484375 0.93359375 0.138671875 0.931640625 0.13671875 0.943359375 0.1328125
0 0.927734375 0.01171875 0.9375 0.005859375 0.943359375 0.005859375 0.94921875 0 0.98828125 0 0.982421875 0.01171875 0.982421875 0.02734375 0.984375 0.029296875 0.982421875 0.044921875 0.96484375 0.056640625 0.95703125 0.06640625 0.95703125 0.0703125 0.947265625 0.076171875 0.94140625 0.076171875 0.935546875 0.080078125 0.931640625 0.080078125 0.9296875 0.0859375 0.92578125 0.087890625 0.91796875 0.0859375 0.91015625 0.08984375 0.904296875 0.099609375 0.900390625 0.099609375 0.896484375 0.091796875 0.896484375 0.07421875 0.900390625 0.068359375 0.91015625 0.0625 0.9140625 0.056640625 0.9140625 0.05078125 0.923828125 0.04296875 0.923828125 0.01953125 0.927734375 0.013671875
3 0.69921875 0.3203125 0.70703125 0.3203125 0.716796875 0.32421875 0.72265625 0.322265625 0.728515625 0.326171875 0.728515625 0.330078125 0.732421875 0.3359375 0.732421875 0.353515625 0.72265625 0.3515625 0.716796875 0.35546875 0.71875 0.380859375 0.71484375 0.384765625 0.712890625 0.37890625 0.69921875 0.3671875 0.6953125 0.359375 0.6953125 0.328125 0.69921875 0.322265625
3 0.443359375 0.27734375 0.455078125 0.28515625 0.4609375 0.28515625 0.46484375 0.2890625 0.46484375 0.298828125 0.458984375 0.3125 0.453125 0.3125 0.439453125 0.3046875 0.435546875 0.294921875 0.43359375 0.279296875 0.4375 0.275390625 0.44140625 0.27734375
3 0.5703125 0 0.591796875 0 0.595703125 0.01171875 0.595703125 0.021484375 0.58984375 0.02734375 0.580078125 0.025390625 0.57421875 0.015625 0.57421875 0.0078125 0.5703125 0.001953125
3 0.083984375 0.05859375 0.091796875 0.05859375 0.095703125 0.0625 0.095703125 0.080078125 0.091796875 0.091796875 0.08984375 0.095703125 0.083984375 0.095703125 0.080078125 0.091796875 0.080078125 0.08203125 0.078125 0.080078125 0.078125 0.0703125 0.083984375 0.060546875
3 0.0791015625 0.0322265625 0.013671875 0.025390625
3 0.083984375 0.52734375 0.08984375 0.525390625 0.095703125 0.53125 0.099609375 0.537109375 0.099609375 0.546875 0.10546875 0.564453125 0.12109375 0.580078125 0.119140625 0.595703125 0.109375 0.609375 0.09765625 0.609375 0.087890625 0.603515625 0.087890625 0.59765625 0.08203125 0.583984375 0.08203125 0.56640625 0.083984375 0.564453125 0.08203125 0.53515625 0.083984375 0.529296875