0 0.65234375 0.3515625 0.66015625 0.35546875 0.662109375 0.375 0.654296875 0.39453125 0.65234375 0.419921875 0.650390625 0.421875 0.650390625 0.43359375 0.6484375 0.4375 0.642578125 0.44140625 0.630859375 0.43359375 0.626953125 0.427734375 0.626953125 0.419921875 0.634765625 0.408203125 0.634765625 0.35546875 0.63671875 0.353515625 0.650390625 0.353515625
0 0.439453125 0.12109375 0.44921875 0.119140625 0.455078125 0.12890625 0.455078125 0.134765625 0.458984375 0.138671875 0.458984375 0.1484375 0.462890625 0.154296875 0.4765625 0.166015625 0.48046875 0.17578125 0.490234375 0.185546875 0.49609375 0.185546875 0.515625 0.197265625 0.51953125 0.20703125 0.517578125 0.216796875 0.51171875 0.21875 0.49609375 0.216796875 0.486328125 0.208984375 0.4765625 0.220703125 0.462890625 0.2265625 0.44921875 0.2265625 0.43359375 0.212890625 0.423828125 0.1953125 0.423828125 0.162109375 0.419921875 0.158203125 0.41796875 0.142578125 0.4296875 0.126953125 0.439453125 0.123046875
0 0.60546875 0.490234375 0.611328125 0.4921875 0.615234375 0.498046875 0.615234375 0.513671875 0.607421875 0.51953125 0.6015625 0.51953125 0.595703125 0.5234375 0.564453125 0.533203125 0.55859375 0.53125 0.55859375 0.513671875 0.56640625 0.513671875 0.583984375 0.494140625 0.591796875 0.5 0.59765625 0.4921875 0.603515625 0.490234375
0 0.68359375 0.310546875 0.6953125 0.310546875 0.701171875 0.31640625 0.705078125 0.3125 0.70703125 0.275390625 0.712890625 0.263671875 0.72265625 0.263671875 0.724609375 0.275390625 0.72265625 0.27734375 0.72265625 0.29296875 0.71875 0.302734375 0.71875 0.30859375 0.72265625 0.314453125 0.72265625 0.318359375 0.73046875 0.322265625 0.7421875 0.322265625 0.75 0.328125 0.748046875 0.33203125 0.736328125 0.33203125 0.732421875 0.333984375 0.7265625 0.34375 0.7265625 0.353515625 0.72265625 0.357421875 0.71875 0.357421875 0.716796875 0.353515625 0.7109375 0.3515625 0.701171875 0.341796875 0.701171875 0.3359375 0.6953125 0.32421875 0.68359375 0.32421875 0.681640625 0.322265625 0.68359375 0.3125
0 0.337890625 0.34765625 0.34765625 0.35546875 0.3515625 0.373046875 0.35546875 0.376953125 0.35546875 0.384765625 0.359375 0.392578125 0.359375 0.3984375 0.35546875 0.40234375 0.35546875 0.421875 0.3515625 0.427734375 0.345703125 0.427734375 0.3359375 0.421875 0.3359375 0.41796875 0.33203125 0.412109375 0.33203125 0.390625 0.318359375 0.37109375 0.318359375 0.357421875 0.326171875 0.349609375 0.3359375 0.34765625
0 0.736328125 0.373046875 0.7578125 0.376953125 0.76171875 0.3828125 0.76171875 0.3984375 0.7578125 0.404296875 0.7578125 0.408203125 0.755859375 0.41015625 0.744140625 0.41015625 0.740234375 0.4140625 0.736328125 0.419921875 0.736328125 0.42578125 0.734375 0.427734375 0.734375 0.43359375 0.73046875 0.4375 0.73046875 0.443359375 0.7265625 0.447265625 0.71875 0.44921875 0.71484375 0.443359375 0.712890625 0.416015625 0.71875 0.400390625 0.724609375 0.392578125 0.724609375 0.388671875 0.728515625 0.38671875 0.728515625 0.3828125 0.736328125 0.375
0 0.36328125 0.423828125 0.3671875 0.421875 0.3671875 0.412109375 0.373046875 0.396484375 0.3828125 0.396484375 0.39453125 0.390625 0.40625 0.388671875 0.416015625 0.380859375 0.427734375 0.380859375 0.435546875 0.376953125 0.443359375 0.3671875 0.451171875 0.36328125 0.455078125 0.365234375 0.453125 0.375 0.4296875 0.396484375 0.421875 0.3984375 0.4140625 0.40625 0.4140625 0.4140625 0.41796875 0.419921875 0.41796875 0.431640625 0.419921875 0.43359375 0.41796875 0.447265625 0.412109375 0.44921875 0.400390625 0.4375 0.392578125 0.43359375 0.380859375 0.43359375 0.375 0.4375 0.365234375 0.4375 0.359375 0.443359375 0.36328125 0.42578125
0 0.30859375 0.08203125 0.30859375 0.07421875 0.31640625 0.056640625 0.3203125 0.052734375 0.333984375 0.05078125 0.337890625 0.0546875 0.337890625 0.05859375 0.341796875 0.064453125 0.34375 0.0859375 0.349609375 0.09765625 0.34765625 0.111328125 0.337890625 0.119140625 0.33203125 0.119140625 0.326171875 0.109375 0.326171875 0.091796875 0.322265625 0.0859375 0.322265625 0.08203125 0.3203125 0.080078125 0.310546875 0.08203125
3 0.55859375 0.421875 0.5546875 0.41015625 0.5546875 0.380859375 0.55859375 0.376953125 0.568359375 0.376953125 0.580078125 0.380859375 0.587890625 0.396484375 0.587890625 0.41015625 0.576171875 0.408203125 0.5703125 0.412109375 0.5703125 0.419921875 0.57421875 0.423828125 0.57421875 0.4375 0.568359375 0.43359375 0.560546875 0.421875
0 0.267578125 0.15234375 0.271484375 0.158203125 0.2734375 0.169921875 0.28515625 0.18359375 0.2890625 0.1953125 0.296875 0.203125 0.298828125 0.208984375 0.296875 0.216796875 0.291015625 0.216796875 0.2890625 0.21875 0.283203125 0.21484375 0.283203125 0.2109375 0.279296875 0.20703125 0.271484375 0.205078125 0.263671875 0.1953125 0.259765625 0.181640625 0.259765625 0.158203125 0.265625 0.15234375
3 0.6171875 0.17578125 0.623046875 0.173828125 0.62890625 0.181640625 0.62890625 0.19140625 0.630859375 0.193359375 0.62890625 0.1953125 0.62890625 0.205078125 0.615234375 0.208984375 0.609375 0.21484375 0.603515625 0.21484375 0.595703125 0.208984375 0.595703125 0.19921875 0.60546875 0.197265625 0.6171875 0.177734375