0 0.591666666015625 0.7 0.596666666015625 0.68125 0.566666666015625 0.66375 0.538333333984375 0.66375 0.533333333984375 0.67125 0.563333333984375 0.68625 0.568333333984375 0.69875 0.591666666015625 0.7
0 0.685 0.66125 0.651666666015625 0.65625 0.648333333984375 0.63875 0.638333333984375 0.635 0.635 0.64625 0.62 0.65375 0.608333333984375 0.67125 0.626666666015625 0.675 0.628333333984375 0.69375 0.633333333984375 0.69375 0.645 0.67 0.686666666015625 0.67125 0.685 0.66125
0 0.598333333984375 0.62 0.608333333984375 0.61625 0.608333333984375 0.59875 0.573333333984375 0.59875 0.551666666015625 0.59125 0.54 0.6 0.54 0.60875 0.598333333984375 0.62
0 0.52 0.38875 0.501666666015625 0.40625 0.501666666015625 0.4225 0.515 0.435 0.54 0.44 0.548333333984375 0.43875 0.555 0.42875 0.536666666015625 0.40875 0.526666666015625 0.37375 0.52 0.37125 0.52 0.38875
0 0.781666666015625 0.4775 0.746666666015625 0.46875 0.738333333984375 0.47375 0.788333333984375 0.50875 0.815 0.51875 0.823333333984375 0.515 0.825 0.505 0.8 0.485 0.806666666015625 0.46875 0.795 0.46875 0.781666666015625 0.4775
0 0.781666666015625 0.28375 0.746666666015625 0.28625 0.728333333984375 0.30375 0.726666666015625 0.315 0.741666666015625 0.31625 0.781666666015625 0.29375 0.781666666015625 0.28375
0 0.701666666015625 0.63875 0.71 0.63875 0.733333333984375 0.6225 0.735 0.6 0.726666666015625 0.59 0.715 0.59125 0.715 0.6025 0.701666666015625 0.62125 0.701666666015625 0.63875
3 0.851666666015625 0.5625 0.836666666015625 0.56125 0.83 0.57 0.843333333984375 0.58375 0.86 0.58875 0.866666666015625 0.57625 0.851666666015625 0.5625
3 0.685 0.40125 0.675 0.4 0.671666666015625 0.40375 0.66 0.425 0.666666666015625 0.4325 0.69 0.4175 0.685 0.40125
3 0.481666666015625 0.00125 0.408333333984375 0 0.408333333984375 0.00375 0.413333333984375 0.0175 0.43 0.025 0.446666666015625 0.01 0.481666666015625 0.00125
3 0.881666666015625 0.02125 0.863333333984375 0.02125 0.856666666015625 0.02375 0.856666666015625 0.03 0.883333333984375 0.03875 0.89 0.03 0.881666666015625 0.02125
3 0.913333333984375 0.03125 0.92 0.03125 0.921666666015625 0.02375 0.915 0.02 0.903333333984375 0.02125 0.913333333984375 0.03125