0 0.3025 0.128333333984375 0.29625 0.096666666015625 0.27625 0.095 0.26375 0.105 0.26625 0.156666666015625 0.27875 0.18 0.28875 0.185 0.3025 0.128333333984375
0 0.32625 0.18 0.35375 0.181666666015625 0.35125 0.165 0.31 0.128333333984375 0.3 0.136666666015625 0.28375 0.175 0.2925 0.191666666015625 0.31125 0.19 0.32625 0.18
0 0.195 0.076666666015625 0.19875 0.061666666015625 0.185 0.01 0.1675 0.01 0.16 0.023333333984375 0.1575 0.041666666015625 0.1725 0.058333333984375 0.1775 0.078333333984375 0.195 0.076666666015625
0 0.1475 0.16 0.1175 0.105 0.10875 0.108333333984375 0.11125 0.146666666015625 0.13375 0.171666666015625 0.1475 0.17 0.1475 0.16
0 0.26125 0.348333333984375 0.28375 0.335 0.29375 0.316666666015625 0.285 0.313333333984375 0.2125 0.348333333984375 0.2025 0.386666666015625 0.23875 0.38 0.255 0.39 0.26125 0.348333333984375
0 0.20375 0.338333333984375 0.195 0.305 0.18375 0.295 0.16875 0.303333333984375 0.16375 0.315 0.17875 0.361666666015625 0.1975 0.371666666015625 0.20375 0.338333333984375
0 0.54375 0.316666666015625 0.56375 0.306666666015625 0.5375 0.273333333984375 0.5425 0.251666666015625 0.53625 0.24 0.5025 0.286666666015625 0.505 0.298333333984375 0.52875 0.325 0.54 0.326666666015625 0.54375 0.316666666015625
0 0.48375 0.328333333984375 0.4775 0.32 0.46125 0.321666666015625 0.4525 0.383333333984375 0.46 0.395 0.47 0.396666666015625 0.48375 0.328333333984375
0 0.55125 0.38 0.57 0.368333333984375 0.57125 0.35 0.55 0.34 0.5325 0.366666666015625 0.52875 0.396666666015625 0.5325 0.406666666015625 0.54 0.406666666015625 0.55125 0.38
0 0.44125 0.448333333984375 0.42625 0.438333333984375 0.38875 0.458333333984375 0.39 0.475 0.4075 0.473333333984375 0.43875 0.463333333984375 0.44125 0.448333333984375
3 0.46 0.17 0.4525 0.151666666015625 0.4275 0.173333333984375 0.43 0.185 0.43875 0.186666666015625 0.45625 0.181666666015625 0.46 0.17
3 0.40375 0.376666666015625 0.4175 0.366666666015625 0.41625 0.346666666015625 0.41125 0.338333333984375 0.39125 0.333333333984375 0.38625 0.34 0.38625 0.366666666015625 0.40375 0.39 0.40375 0.376666666015625
4 0.9575 0.676666666015625 0.9025 0.74 0.82875 0.873333333984375 0.78125 0.99 0.78 0.998333333984375 0.99875 0.998333333984375 0.99875 0.648333333984375 0.9575 0.676666666015625