3 0.845 0.56375 0.83 0.5625 0.825 0.57375 0.845 0.59 0.855 0.59 0.861666666015625 0.58 0.845 0.56375
3 0.678333333984375 0.40375 0.668333333984375 0.405 0.658333333984375 0.4325 0.668333333984375 0.4325 0.683333333984375 0.42125 0.686666666015625 0.4125 0.678333333984375 0.40375
3 0.878333333984375 0.02875 0.856666666015625 0.02625 0.851666666015625 0.0325 0.863333333984375 0.04 0.878333333984375 0.04125 0.883333333984375 0.03625 0.878333333984375 0.02875
3 0.898333333984375 0.03 0.908333333984375 0.03625 0.915 0.0325 0.911666666015625 0.02375 0.896666666015625 0.0225 0.898333333984375 0.03
3 0.446666666015625 0.00125 0.411666666015625 0 0.41 0.015 0.415 0.0225 0.435 0.02625 0.436666666015625 0.01 0.446666666015625 0.00125
0 0.68 0.6725 0.683333333984375 0.6675 0.676666666015625 0.66125 0.666666666015625 0.6575 0.646666666015625 0.65875 0.643333333984375 0.64125 0.631666666015625 0.63625 0.626666666015625 0.6475 0.603333333984375 0.66625 0.603333333984375 0.6725 0.623333333984375 0.67875 0.623333333984375 0.69375 0.628333333984375 0.695 0.641666666015625 0.67 0.68 0.6725
0 0.586666666015625 0.70125 0.591666666015625 0.68125 0.561666666015625 0.665 0.533333333984375 0.665 0.528333333984375 0.67125 0.56 0.6875 0.565 0.70125 0.586666666015625 0.70125
0 0.536666666015625 0.61125 0.593333333984375 0.62125 0.603333333984375 0.6175 0.606666666015625 0.60625 0.596666666015625 0.59875 0.566666666015625 0.59875 0.546666666015625 0.5925 0.533333333984375 0.60625 0.536666666015625 0.61125
0 0.698333333984375 0.64 0.725 0.62375 0.725 0.595 0.715 0.59125 0.71 0.59625 0.711666666015625 0.6025 0.695 0.6325 0.698333333984375 0.64
0 0.801666666015625 0.47 0.79 0.47 0.776666666015625 0.48125 0.755 0.4725 0.735 0.4725 0.738333333984375 0.48375 0.788333333984375 0.51375 0.815 0.51875 0.818333333984375 0.5075 0.793333333984375 0.4875 0.801666666015625 0.47
0 0.531666666015625 0.39875 0.516666666015625 0.3725 0.515 0.39 0.498333333984375 0.40625 0.496666666015625 0.4225 0.511666666015625 0.43625 0.525 0.44 0.546666666015625 0.43875 0.55 0.43 0.536666666015625 0.42125 0.531666666015625 0.39875
0 0.78 0.29 0.775 0.28625 0.745 0.28875 0.725 0.3075 0.723333333984375 0.31625 0.736666666015625 0.3175 0.78 0.29