0 0.565 0.301666666015625 0.56125 0.246666666015625 0.54875 0.23 0.53875 0.236666666015625 0.5325 0.3 0.53875 0.316666666015625 0.55125 0.32 0.565 0.301666666015625
0 0.55875 0.14 0.555 0.116666666015625 0.53875 0.08 0.51875 0.07 0.515 0.078333333984375 0.52875 0.175 0.55375 0.185 0.55875 0.14
0 0.6025 0.131666666015625 0.585 0.133333333984375 0.57625 0.14 0.57 0.163333333984375 0.5725 0.183333333984375 0.605 0.185 0.615 0.15 0.6025 0.131666666015625
0 0.65125 0.135 0.6925 0.098333333984375 0.68125 0.095 0.66125 0.06 0.6475 0.063333333984375 0.6075 0.041666666015625 0.6025 0.05 0.6075 0.065 0.57 0.163333333984375 0.57125 0.183333333984375 0.60875 0.185 0.6225 0.175 0.65125 0.135
0 0.51125 0.22 0.51 0.2 0.52125 0.185 0.51875 0.18 0.4875 0.185 0.48125 0.201666666015625 0.47625 0.228333333984375 0.48 0.238333333984375 0.49125 0.243333333984375 0.51125 0.22
0 0.505 0.485 0.4925 0.458333333984375 0.47375 0.446666666015625 0.44125 0.46 0.4325 0.473333333984375 0.43125 0.495 0.44375 0.505 0.48625 0.508333333984375 0.505 0.485
0 0.70625 0.511666666015625 0.7025 0.495 0.67125 0.491666666015625 0.65875 0.466666666015625 0.66125 0.455 0.64375 0.446666666015625 0.63375 0.455 0.62125 0.486666666015625 0.6225 0.508333333984375 0.655 0.538333333984375 0.68125 0.538333333984375 0.70625 0.511666666015625
0 0.77 0.693333333984375 0.775 0.688333333984375 0.77625 0.665 0.80375 0.655 0.80375 0.64 0.76625 0.613333333984375 0.735 0.61 0.70875 0.621666666015625 0.7075 0.636666666015625 0.7225 0.675 0.745 0.688333333984375 0.77 0.693333333984375
0 0.885 0.693333333984375 0.88125 0.666666666015625 0.87 0.655 0.86125 0.655 0.8325 0.686666666015625 0.815 0.696666666015625 0.79875 0.733333333984375 0.80625 0.76 0.8575 0.773333333984375 0.885 0.693333333984375
0 0.9325 0.255 0.93375 0.238333333984375 0.9225 0.223333333984375 0.90625 0.221666666015625 0.8875 0.241666666015625 0.87625 0.24 0.86625 0.256666666015625 0.8475 0.27 0.8475 0.291666666015625 0.86 0.296666666015625 0.925 0.261666666015625 0.9325 0.255
0 0.8725 0 0.8275 0.036666666015625 0.81625 0.038333333984375 0.815 0.068333333984375 0.83375 0.078333333984375 0.85625 0.126666666015625 0.89375 0.138333333984375 0.89375 0.128333333984375 0.9325 0.08 0.93625 0.063333333984375 0.92125 0.028333333984375 0.8925 0.015 0.88875 0 0.8725 0
0 0.935 0.066666666015625 0.93375 0.055 0.9125 0.021666666015625 0.8975 0.025 0.89125 0.056666666015625 0.89 0.088333333984375 0.90375 0.103333333984375 0.925 0.086666666015625 0.935 0.066666666015625
0 0.74875 0.203333333984375 0.75375 0.203333333984375 0.76125 0.186666666015625 0.75 0.156666666015625 0.7325 0.15 0.7125 0.148333333984375 0.705 0.156666666015625 0.65625 0.165 0.655 0.173333333984375 0.66 0.176666666015625 0.7025 0.18 0.74875 0.203333333984375
0 0.61 0.05 0.60125 0.006666666015625 0.575 0 0.55125 0.005 0.55125 0.021666666015625 0.59 0.05 0.6025 0.055 0.61 0.05
3 0.52125 0.058333333984375 0.5275 0.041666666015625 0.52625 0.028333333984375 0.49375 0.011666666015625 0.47875 0.015 0.47375 0.018333333984375 0.49 0.046666666015625 0.51 0.063333333984375 0.52125 0.058333333984375