0 0.46125 0.316666666015625 0.4675 0.3 0.46125 0.236666666015625 0.45125 0.23 0.43875 0.246666666015625 0.435 0.301666666015625 0.44875 0.32 0.46125 0.316666666015625
0 0.47125 0.175 0.485 0.078333333984375 0.48125 0.07 0.46125 0.08 0.445 0.116666666015625 0.44125 0.14 0.44625 0.185 0.47125 0.175
0 0.395 0.185 0.4275 0.183333333984375 0.43 0.163333333984375 0.42375 0.14 0.415 0.133333333984375 0.3975 0.131666666015625 0.385 0.15 0.395 0.185
0 0.33875 0.06 0.31875 0.095 0.3075 0.098333333984375 0.34875 0.135 0.3775 0.175 0.39125 0.185 0.42875 0.183333333984375 0.43 0.163333333984375 0.3925 0.065 0.3975 0.05 0.3925 0.041666666015625 0.3525 0.063333333984375 0.33875 0.06
0 0.48875 0.22 0.50875 0.243333333984375 0.52 0.238333333984375 0.52375 0.228333333984375 0.51875 0.201666666015625 0.5125 0.185 0.48125 0.18 0.47875 0.185 0.49 0.2 0.48875 0.22
0 0.51375 0.508333333984375 0.55625 0.505 0.56875 0.495 0.5675 0.473333333984375 0.55875 0.46 0.52625 0.446666666015625 0.5075 0.458333333984375 0.495 0.485 0.51375 0.508333333984375
0 0.32875 0.491666666015625 0.2975 0.495 0.29375 0.511666666015625 0.31875 0.538333333984375 0.345 0.538333333984375 0.3775 0.508333333984375 0.37875 0.486666666015625 0.36625 0.455 0.35625 0.446666666015625 0.33875 0.455 0.34125 0.466666666015625 0.32875 0.491666666015625
0 0.22375 0.665 0.225 0.688333333984375 0.23 0.693333333984375 0.255 0.688333333984375 0.2775 0.675 0.2925 0.636666666015625 0.29125 0.621666666015625 0.265 0.61 0.23375 0.613333333984375 0.19625 0.64 0.19625 0.655 0.22375 0.665
0 0.115 0.693333333984375 0.1425 0.773333333984375 0.19375 0.76 0.20125 0.733333333984375 0.185 0.696666666015625 0.1675 0.686666666015625 0.13875 0.655 0.13 0.655 0.11875 0.666666666015625 0.115 0.693333333984375
0 0.0775 0.223333333984375 0.06625 0.238333333984375 0.0675 0.255 0.075 0.261666666015625 0.14 0.296666666015625 0.1525 0.291666666015625 0.1525 0.27 0.13375 0.256666666015625 0.12375 0.24 0.1125 0.241666666015625 0.09375 0.221666666015625 0.0775 0.223333333984375
0 0.11125 0 0.1075 0.015 0.07875 0.028333333984375 0.06375 0.063333333984375 0.0675 0.08 0.10625 0.128333333984375 0.10625 0.138333333984375 0.14375 0.126666666015625 0.16625 0.078333333984375 0.185 0.068333333984375 0.18375 0.038333333984375 0.1725 0.036666666015625 0.1275 0 0.11125 0
0 0.075 0.086666666015625 0.09625 0.103333333984375 0.11 0.088333333984375 0.10875 0.056666666015625 0.1025 0.025 0.0875 0.021666666015625 0.06625 0.055 0.065 0.066666666015625 0.075 0.086666666015625
0 0.23875 0.186666666015625 0.24625 0.203333333984375 0.25125 0.203333333984375 0.2975 0.18 0.34 0.176666666015625 0.345 0.173333333984375 0.34375 0.165 0.295 0.156666666015625 0.2875 0.148333333984375 0.2675 0.15 0.25 0.156666666015625 0.23875 0.186666666015625
0 0.41 0.05 0.44875 0.021666666015625 0.44875 0.005 0.425 0 0.39875 0.006666666015625 0.39 0.05 0.3975 0.055 0.41 0.05
3 0.49 0.063333333984375 0.51 0.046666666015625 0.52625 0.018333333984375 0.52125 0.015 0.50625 0.011666666015625 0.47375 0.028333333984375 0.4725 0.041666666015625 0.47875 0.058333333984375 0.49 0.063333333984375