0 0.408333333984375 0.3 0.403333333984375 0.31875 0.433333333984375 0.33625 0.461666666015625 0.33625 0.466666666015625 0.32875 0.436666666015625 0.31375 0.431666666015625 0.30125 0.408333333984375 0.3
0 0.315 0.33875 0.348333333984375 0.34375 0.351666666015625 0.36125 0.361666666015625 0.365 0.365 0.35375 0.38 0.34625 0.391666666015625 0.32875 0.373333333984375 0.325 0.371666666015625 0.30625 0.366666666015625 0.30625 0.355 0.33 0.313333333984375 0.32875 0.315 0.33875
0 0.401666666015625 0.38 0.391666666015625 0.38375 0.391666666015625 0.40125 0.426666666015625 0.40125 0.448333333984375 0.40875 0.46 0.4 0.46 0.39125 0.401666666015625 0.38
0 0.48 0.61125 0.498333333984375 0.59375 0.498333333984375 0.5775 0.485 0.565 0.46 0.56 0.451666666015625 0.56125 0.445 0.57125 0.463333333984375 0.59125 0.473333333984375 0.62625 0.48 0.62875 0.48 0.61125
0 0.218333333984375 0.5225 0.253333333984375 0.53125 0.261666666015625 0.52625 0.211666666015625 0.49125 0.185 0.48125 0.176666666015625 0.485 0.175 0.495 0.2 0.515 0.193333333984375 0.53125 0.205 0.53125 0.218333333984375 0.5225
0 0.218333333984375 0.71625 0.253333333984375 0.71375 0.271666666015625 0.69625 0.273333333984375 0.685 0.258333333984375 0.68375 0.218333333984375 0.70625 0.218333333984375 0.71625
0 0.298333333984375 0.36125 0.29 0.36125 0.266666666015625 0.3775 0.265 0.4 0.273333333984375 0.41 0.285 0.40875 0.285 0.3975 0.298333333984375 0.37875 0.298333333984375 0.36125
3 0.148333333984375 0.4375 0.163333333984375 0.43875 0.17 0.43 0.156666666015625 0.41625 0.14 0.41125 0.133333333984375 0.42375 0.148333333984375 0.4375
3 0.315 0.59875 0.325 0.6 0.328333333984375 0.59625 0.34 0.575 0.333333333984375 0.5675 0.31 0.5825 0.315 0.59875
3 0.518333333984375 0.99875 0.591666666015625 1 0.591666666015625 0.99625 0.586666666015625 0.9825 0.57 0.975 0.553333333984375 0.99 0.518333333984375 0.99875
3 0.118333333984375 0.97875 0.136666666015625 0.97875 0.143333333984375 0.97625 0.143333333984375 0.97 0.116666666015625 0.96125 0.11 0.97 0.118333333984375 0.97875
3 0.086666666015625 0.96875 0.08 0.96875 0.078333333984375 0.97625 0.085 0.98 0.096666666015625 0.97875 0.086666666015625 0.96875