0 0.64125 0 0.635 0.008333333984375 0.64 0.031666666015625 0.6575 0.06 0.66625 0.058333333984375 0.6775 0.043333333984375 0.69125 0.036666666015625 0.69125 0.015 0.6825 0 0.675625 0 0.64125 0
0 0.69125 0.1 0.7025 0.141666666015625 0.72375 0.146666666015625 0.755 0.163333333984375 0.75875 0.135 0.75125 0.105 0.75125 0.073333333984375 0.73375 0.045 0.73 0.045 0.6975 0.066666666015625 0.69 0.086666666015625 0.69125 0.1
0 0.77375 0.22 0.78375 0.196666666015625 0.7825 0.181666666015625 0.775 0.175 0.7725 0.175 0.765 0.18 0.755 0.2 0.74375 0.205 0.745 0.226666666015625 0.74125 0.231666666015625 0.73 0.231666666015625 0.74125 0.243333333984375 0.76125 0.245 0.77625 0.273333333984375 0.78875 0.283333333984375 0.7975 0.283333333984375 0.805 0.271666666015625 0.79625 0.245 0.77375 0.22
0 0.41125 0.213333333984375 0.38125 0.158333333984375 0.375 0.158333333984375 0.37 0.173333333984375 0.3775 0.21 0.4 0.231666666015625 0.41 0.231666666015625 0.41375 0.223333333984375 0.41125 0.213333333984375
0 0.3675 0.261666666015625 0.3675 0.241666666015625 0.36 0.236666666015625 0.355 0.236666666015625 0.34625 0.273333333984375 0.3575 0.303333333984375 0.36875 0.31 0.38625 0.308333333984375 0.40375 0.316666666015625 0.40375 0.311666666015625 0.3875 0.3 0.3925 0.291666666015625 0.40375 0.286666666015625 0.405 0.265 0.40125 0.256666666015625 0.39 0.253333333984375 0.3725 0.273333333984375 0.3675 0.261666666015625
0 0.465 0.39 0.45125 0.373333333984375 0.44625 0.373333333984375 0.4425 0.383333333984375 0.455 0.395 0.455 0.405 0.45125 0.411666666015625 0.44 0.398333333984375 0.435 0.398333333984375 0.435 0.405 0.4475 0.426666666015625 0.44625 0.445 0.45125 0.458333333984375 0.46375 0.466666666015625 0.47125 0.458333333984375 0.475 0.426666666015625 0.465 0.39
0 0.57125 0.4 0.5525 0.415 0.53625 0.416666666015625 0.505 0.433333333984375 0.48875 0.436666666015625 0.47375 0.48 0.4975 0.475 0.535 0.48 0.53375 0.46 0.5375 0.441666666015625 0.555 0.435 0.57375 0.416666666015625 0.58 0.405 0.57875 0.4 0.57125 0.4
0 0.61625 0.503333333984375 0.6225 0.508333333984375 0.63 0.505 0.6375 0.485 0.63 0.458333333984375 0.5875 0.423333333984375 0.58 0.423333333984375 0.575 0.435 0.58625 0.441666666015625 0.605 0.468333333984375 0.61625 0.503333333984375
0 0.6925 0.573333333984375 0.6925 0.593333333984375 0.72375 0.588333333984375 0.7575 0.571666666015625 0.7575 0.553333333984375 0.74625 0.546666666015625 0.7375 0.546666666015625 0.72875 0.555 0.71875 0.55 0.7125 0.561666666015625 0.6925 0.573333333984375
0 0.92625 0.696666666015625 0.9125 0.733333333984375 0.92 0.75 0.9425 0.74 0.9525 0.726666666015625 0.96375 0.696666666015625 0.96375 0.67 0.94375 0.65 0.94 0.65 0.92875 0.658333333984375 0.9225 0.67 0.92625 0.696666666015625
0 0.6475 0.243333333984375 0.65875 0.25 0.67625 0.246666666015625 0.685 0.215 0.685 0.198333333984375 0.67375 0.17 0.67125 0.166666666015625 0.6675 0.17 0.6625 0.208333333984375 0.6475 0.238333333984375 0.6475 0.243333333984375
0 0.53875 0.41 0.5425 0.4 0.53125 0.373333333984375 0.52875 0.355 0.515 0.345 0.495 0.34 0.49375 0.338333333984375 0.485 0.345 0.48375 0.356666666015625 0.4975 0.363333333984375 0.53875 0.41
3 0.44375 0.373333333984375 0.45625 0.375 0.46125 0.37 0.465 0.356666666015625 0.46 0.346666666015625 0.42875 0.323333333984375 0.42125 0.323333333984375 0.41875 0.326666666015625 0.42375 0.351666666015625 0.4325 0.363333333984375 0.44375 0.373333333984375
3 0.705 0.48 0.71125 0.483333333984375 0.7125 0.453333333984375 0.71875 0.45 0.73 0.455 0.73125 0.436666666015625 0.725 0.418333333984375 0.705 0.413333333984375 0.695 0.413333333984375 0.68875 0.428333333984375 0.69 0.451666666015625 0.705 0.48
3 0.8375 0.386666666015625 0.81875 0.391666666015625 0.81 0.408333333984375 0.81 0.435 0.83875 0.453333333984375 0.85 0.45 0.85 0.44 0.84 0.42 0.84125 0.41 0.85125 0.396666666015625 0.8525 0.385 0.84875 0.378333333984375 0.84625 0.378333333984375 0.8375 0.386666666015625
3 0.97875 0.49 0.99875 0.491666666015625 0.99875 0.45 0.95375 0.435 0.95125 0.435 0.94875 0.438333333984375 0.955 0.446666666015625 0.975 0.46 0.97375 0.481666666015625 0.97875 0.49
3 0.79875 0 0.80625 0.021666666015625 0.80625 0.041666666015625 0.8125 0.046666666015625 0.825 0.043333333984375 0.82875 0.018333333984375 0.8475 0.015 0.85875 0 0.85208375 0 0.79875 0
3 0.0775 0.036666666015625 0.07125 0.031666666015625 0.0675 0.031666666015625 0.055 0.05 0.05625 0.063333333984375 0.06375 0.075 0.07125 0.066666666015625 0.07625 0.046666666015625 0.0775 0.036666666015625
3 0.05375 0 0.0525 0.013333333984375 0.05875 0.015 0.0725 0 0.06625 0 0.05375 0
3 0.045 0.625 0.05625 0.615 0.0575 0.596666666015625 0.04 0.578333333984375 0.0375 0.545 0.03125 0.535 0.0225 0.535 0.01875 0.541666666015625 0.01625 0.603333333984375 0.02125 0.621666666015625 0.045 0.625
0 0.985 0.371666666015625 0.99375 0.361666666015625 0.99875 0.363333333984375 0.99875 0.341666666015625 0.985 0.333333333984375 0.98 0.313333333984375 0.97125 0.313333333984375 0.9625 0.323333333984375 0.96625 0.36 0.97375 0.37 0.985 0.371666666015625
0 0.9725 0.193333333984375 0.96625 0.2 0.94375 0.258333333984375 0.94375 0.281666666015625 0.925 0.303333333984375 0.92875 0.316666666015625 0.96625 0.316666666015625 0.97125 0.306666666015625 0.97125 0.285 0.975 0.275 0.99875 0.231666666015625 0.99875 0.208333333984375 0.985 0.195 0.97375 0.193333333984375 0.9725 0.193333333984375
0 0.9975 0.106666666015625 0.985 0.118333333984375 0.9425 0.185 0.945 0.195 0.95375 0.191666666015625 0.99875 0.133333333984375 0.99875 0.106666666015625 0.9975 0.106666666015625
3 0.9725 0.305 0.99875 0.32 0.99875 0.295 0.98125 0.291666666015625 0.98 0.29 0.9725 0.293333333984375 0.9725 0.305