3 0.098333333984375 0.0175 0.093333333984375 0.025 0.098333333984375 0.0325 0.128333333984375 0.02125 0.12 0.015 0.098333333984375 0.0175
3 0.063333333984375 0.015 0.056666666015625 0.0225 0.065 0.02625 0.076666666015625 0.02 0.078333333984375 0.01125 0.063333333984375 0.015
3 0.566666666015625 0.01 0.581666666015625 0.01125 0.593333333984375 0 0.561666666015625 0.00125 0.566666666015625 0.01
3 0.161666666015625 0.5825 0.148333333984375 0.58375 0.131666666015625 0.605 0.138333333984375 0.61375 0.15 0.6125 0.168333333984375 0.59125 0.161666666015625 0.5825
0 0.208333333984375 0.52875 0.261666666015625 0.48875 0.258333333984375 0.48375 0.248333333984375 0.48375 0.218333333984375 0.495 0.201666666015625 0.48375 0.188333333984375 0.48375 0.198333333984375 0.50125 0.173333333984375 0.52125 0.171666666015625 0.53 0.178333333984375 0.53625 0.208333333984375 0.52875
0 0.251666666015625 0.29125 0.24 0.2875 0.21 0.29 0.213333333984375 0.29875 0.256666666015625 0.3225 0.27 0.3225 0.271666666015625 0.31125 0.251666666015625 0.29125
0 0.511666666015625 0.41 0.493333333984375 0.39375 0.491666666015625 0.3725 0.486666666015625 0.3725 0.476666666015625 0.415 0.456666666015625 0.4375 0.463333333984375 0.4475 0.476666666015625 0.44875 0.496666666015625 0.4425 0.513333333984375 0.42875 0.511666666015625 0.41
0 0.465 0.61 0.445 0.6175 0.418333333984375 0.61625 0.403333333984375 0.62125 0.408333333984375 0.64 0.425 0.64 0.478333333984375 0.62625 0.465 0.61
0 0.46 0.70625 0.485 0.695 0.483333333984375 0.68625 0.456666666015625 0.68375 0.443333333984375 0.68875 0.416666666015625 0.70625 0.423333333984375 0.725 0.435 0.72875 0.451666666015625 0.7225 0.46 0.70625
0 0.335 0.69875 0.363333333984375 0.69375 0.373333333984375 0.7025 0.375 0.71625 0.383333333984375 0.72125 0.385 0.7025 0.405 0.6975 0.406666666015625 0.68875 0.39 0.6725 0.376666666015625 0.66875 0.373333333984375 0.6575 0.366666666015625 0.65875 0.363333333984375 0.675 0.355 0.68 0.331666666015625 0.6825 0.321666666015625 0.69625 0.335 0.69875
0 0.26 0.71375 0.24 0.71375 0.235 0.70125 0.201666666015625 0.69375 0.195 0.6975 0.206666666015625 0.715 0.22 0.72125 0.253333333984375 0.725 0.261666666015625 0.71875 0.26 0.71375
3 0.333333333984375 0.415 0.326666666015625 0.40875 0.316666666015625 0.41125 0.313333333984375 0.4275 0.328333333984375 0.44 0.341666666015625 0.44125 0.345 0.435 0.333333333984375 0.415